-0.049, 2.016e-8
-0.048, -5.100e-8
-0.047, -5.749e-8
-0.046, -5.800e-8
-0.045, -6.163e-8
-0.044, -6.295e-8
-0.043, -6.346e-8
-0.042, -6.438e-8
-0.041, -6.532e-8
-0.040, -6.589e-8
-0.039, -6.709e-8
-0.038, -6.730e-8
-0.037, -6.849e-8
-0.036, -6.872e-8
-0.035, -7.019e-8
-0.034, -6.948e-8
-0.033, -7.270e-8
-0.032, -6.940e-8
-0.031, -7.177e-8
-0.030, -7.194e-8
-0.029, -7.172e-8
-0.028, -7.228e-8
-0.027, -7.364e-8
-0.026, -7.136e-8
-0.025, -7.240e-8
-0.024, -7.338e-8
-0.023, -7.491e-8
-0.022, -7.375e-8
-0.021, -7.423e-8
-0.020, -7.356e-8
-0.019, -7.587e-8
-0.018, -7.339e-8
-0.017, -7.570e-8
-0.016, -7.506e-8
-0.015, -7.702e-8
-0.014, -7.762e-8
-0.013, -7.434e-8
-0.012, -7.557e-8
-0.011, -7.596e-8
-0.010, -7.637e-8
-0.009, -7.652e-8
-0.008, -7.809e-8
-0.007, -7.825e-8
-0.006, -7.625e-8
-0.005, -7.812e-8
-0.004, -7.795e-8
-0.003, -7.917e-8
-0.002, -7.738e-8
-0.001, -7.807e-8
-0.000, -7.970e-8
0.001, -6.701e-8
0.002, -7.494e-8
0.003, -7.685e-8
0.004, -7.728e-8
0.005, -7.639e-8
0.006, -7.532e-8
0.007, -7.867e-8
0.008, -8.022e-8
0.009, -7.764e-8
0.010, -7.681e-8
0.011, -7.652e-8
0.012, -8.040e-8
0.013, -7.898e-8
0.014, -7.853e-8
0.015, -7.904e-8
0.016, -7.888e-8
0.017, -7.976e-8
0.018, -7.852e-8
0.019, -8.060e-8
0.020, -7.975e-8
0.021, -7.945e-8
0.022, -8.100e-8
0.023, -7.863e-8
0.024, -7.907e-8
0.025, -8.077e-8
0.026, -8.031e-8
0.027, -8.051e-8
0.028, -7.957e-8
0.029, -8.100e-8
0.030, -7.931e-8
0.031, -7.871e-8
0.032, -8.007e-8
0.033, -8.268e-8
0.034, -7.999e-8
0.035, -7.990e-8
0.036, -8.145e-8
0.037, -7.802e-8
0.038, -8.120e-8
0.039, -7.909e-8
0.040, -7.965e-8
0.041, -8.072e-8
0.042, -7.933e-8
0.043, -8.104e-8
0.044, -8.163e-8
0.045, -7.971e-8
0.046, -8.088e-8
0.047, -7.997e-8
0.048, -8.097e-8
0.049, -8.039e-8
0.050, -7.849e-8
0.051, -8.165e-8
0.052, -8.008e-8
0.053, -7.994e-8
0.054, -8.035e-8
0.055, -8.077e-8
0.056, -8.111e-8
0.057, -7.977e-8
0.058, -8.262e-8
0.059, -7.969e-8
0.060, -8.044e-8
0.061, -8.127e-8
0.062, -8.216e-8
0.063, -8.167e-8
0.064, -8.178e-8
0.065, -7.117e-8
0.066, -8.032e-8
0.067, -7.926e-8
0.068, -8.094e-8
0.069, -8.042e-8
0.070, -8.090e-8
0.071, -7.949e-8
0.072, -8.201e-8
0.073, -8.056e-8
0.074, -8.068e-8
0.075, -8.119e-8
0.076, -8.110e-8
0.077, -8.037e-8
0.078, -8.166e-8
0.079, -8.141e-8
0.080, -8.024e-8
0.081, -8.196e-8
0.082, -8.060e-8
0.083, -8.148e-8
0.084, -8.101e-8
0.085, -8.190e-8
0.086, -8.180e-8
0.087, -8.333e-8
0.088, -7.971e-8
0.089, -8.054e-8
0.090, -8.109e-8
0.091, -8.244e-8
0.092, -8.138e-8
0.093, -8.098e-8
0.094, -8.142e-8
0.095, -8.068e-8
0.096, -8.055e-8
0.097, -8.209e-8
0.098, -8.105e-8
0.099, -8.118e-8
0.100, -8.084e-8
0.101, -8.050e-8
0.102, -8.201e-8
0.103, -8.097e-8
0.104, -7.960e-8
0.105, -8.225e-8
0.106, -8.070e-8
0.107, -8.133e-8
0.108, -8.152e-8
0.109, -8.149e-8
0.110, -8.123e-8
0.111, -8.126e-8
0.112, -8.027e-8
0.113, -8.262e-8
0.114, -7.965e-8
0.115, -8.116e-8
0.116, -8.082e-8
0.117, -8.193e-8
0.118, -8.003e-8
0.119, -8.198e-8
0.120, -8.105e-8
0.121, -8.154e-8
0.122, -8.181e-8
0.123, -8.038e-8
0.124, -8.283e-8
0.125, -8.012e-8
0.126, -8.302e-8
0.127, -8.142e-8
0.128, -8.238e-8
0.129, -7.047e-8
0.130, -8.188e-8
0.131, -8.040e-8
0.132, -7.967e-8
0.133, -8.188e-8
0.134, -8.099e-8
0.135, -7.994e-8
0.136, -8.003e-8
0.137, -8.075e-8
0.138, -8.199e-8
0.139, -8.135e-8
0.140, -8.127e-8
0.141, -8.193e-8
0.142, -8.135e-8
0.143, -8.224e-8
0.144, -8.318e-8
0.145, -8.201e-8
0.146, -8.126e-8
0.147, -8.283e-8
0.148, -8.306e-8
0.149, -8.296e-8
0.150, -8.347e-8
0.151, -8.366e-8
0.152, -8.189e-8
0.153, -8.378e-8
0.154, -8.490e-8
0.155, -8.411e-8
0.156, -8.523e-8
0.157, -8.343e-8
0.158, -8.506e-8
0.159, -8.546e-8
0.160, -8.374e-8
0.161, -8.562e-8
0.162, -8.542e-8
0.163, -8.507e-8
0.164, -8.581e-8
0.165, -8.487e-8
0.166, -8.761e-8
0.167, -8.606e-8
0.168, -8.682e-8
0.169, -8.787e-8
0.170, -8.742e-8
0.171, -8.756e-8
0.172, -8.980e-8
0.173, -8.802e-8
0.174, -8.673e-8
0.175, -9.023e-8
0.176, -9.122e-8
0.177, -9.214e-8
0.178, -9.160e-8
0.179, -9.232e-8
0.180, -9.255e-8
0.181, -9.236e-8
0.182, -9.367e-8
0.183, -9.387e-8
0.184, -9.625e-8
0.185, -9.504e-8
0.186, -9.732e-8
0.187, -9.639e-8
0.188, -9.883e-8
0.189, -9.757e-8
0.190, -1.001e-7
0.191, -1.007e-7
0.192, -1.015e-7
0.193, -9.010e-8
0.194, -1.003e-7
0.195, -1.012e-7
0.196, -1.016e-7
0.197, -1.051e-7
0.198, -1.038e-7
0.199, -1.042e-7
0.200, -1.054e-7
0.201, -1.076e-7
0.202, -1.075e-7
0.203, -1.070e-7
0.204, -1.080e-7
0.205, -1.101e-7
0.206, -1.110e-7
0.207, -1.115e-7
0.208, -1.130e-7
0.209, -1.135e-7
0.210, -1.116e-7
0.211, -1.150e-7
0.212, -1.150e-7
0.213, -1.157e-7
0.214, -1.154e-7
0.215, -1.173e-7
0.216, -1.176e-7
0.217, -1.168e-7
0.218, -1.194e-7
0.219, -1.193e-7
0.220, -1.197e-7
0.221, -1.193e-7
0.222, -1.213e-7
0.223, -1.204e-7
0.224, -1.209e-7
0.225, -1.217e-7
0.226, -1.242e-7
0.227, -1.209e-7
0.228, -1.236e-7
0.229, -1.229e-7
0.230, -1.214e-7
0.231, -1.235e-7
0.232, -1.247e-7
0.233, -1.238e-7
0.234, -1.244e-7
0.235, -1.254e-7
0.236, -1.235e-7
0.237, -1.245e-7
0.238, -1.259e-7
0.239, -1.240e-7
0.240, -1.262e-7
0.241, -1.250e-7
0.242, -1.263e-7
0.243, -1.262e-7
0.244, -1.262e-7
0.245, -1.268e-7
0.246, -1.257e-7
0.247, -1.259e-7
0.248, -1.266e-7
0.249, -1.267e-7
0.250, -1.280e-7
0.251, -1.266e-7
0.252, -1.260e-7
0.253, -1.270e-7
0.254, -1.280e-7
0.255, -1.273e-7
0.256, -1.285e-7
0.257, -1.131e-7
0.258, -1.266e-7
0.259, -1.261e-7
0.260, -1.258e-7
0.261, -1.248e-7
0.262, -1.259e-7
0.263, -1.270e-7
0.264, -1.268e-7
0.265, -1.264e-7
0.266, -1.262e-7
0.267, -1.248e-7
0.268, -1.272e-7
0.269, -1.283e-7
0.270, -1.267e-7
0.271, -1.254e-7
0.272, -1.259e-7
0.273, -1.283e-7
0.274, -1.270e-7
0.275, -1.278e-7
0.276, -1.258e-7
0.277, -1.279e-7
0.278, -1.275e-7
0.279, -1.267e-7
0.280, -1.268e-7
0.281, -1.281e-7
0.282, -1.260e-7
0.283, -1.285e-7
0.284, -1.275e-7
0.285, -1.250e-7
0.286, -1.279e-7
0.287, -1.263e-7
0.288, -1.286e-7
0.289, -1.293e-7
0.290, -1.261e-7
0.291, -1.283e-7
0.292, -1.274e-7
0.293, -1.281e-7
0.294, -1.279e-7
0.295, -1.284e-7
0.296, -1.277e-7
0.297, -1.289e-7
0.298, -1.289e-7
0.299, -1.274e-7
0.300, -1.291e-7
0.301, -1.281e-7
0.302, -1.279e-7
0.303, -1.295e-7
0.304, -1.288e-7
0.305, -1.315e-7
0.306, -1.286e-7
0.307, -1.288e-7
0.308, -1.299e-7
0.309, -1.292e-7
0.310, -1.296e-7
0.311, -1.301e-7
0.312, -1.316e-7
0.313, -1.315e-7
0.314, -1.313e-7
0.315, -1.326e-7
0.316, -1.298e-7
0.317, -1.314e-7
0.318, -1.333e-7
0.319, -1.316e-7
0.320, -1.322e-7
0.321, -1.216e-7
0.322, -1.290e-7
0.323, -1.319e-7
0.324, -1.308e-7
0.325, -1.297e-7
0.326, -1.326e-7
0.327, -1.312e-7
0.328, -1.320e-7
0.329, -1.315e-7
0.330, -1.325e-7
0.331, -1.343e-7
0.332, -1.324e-7
0.333, -1.345e-7
0.334, -1.321e-7
0.335, -1.341e-7
0.336, -1.351e-7
0.337, -1.362e-7
0.338, -1.349e-7
0.339, -1.346e-7
0.340, -1.343e-7
0.341, -1.351e-7
0.342, -1.369e-7
0.343, -1.360e-7
0.344, -1.374e-7
0.345, -1.357e-7
0.346, -1.373e-7
0.347, -1.389e-7
0.348, -1.387e-7
0.349, -1.368e-7
0.350, -1.379e-7
0.351, -1.387e-7
0.352, -1.389e-7
0.353, -1.396e-7
0.354, -1.397e-7
0.355, -1.400e-7
0.356, -1.413e-7
0.357, -1.390e-7
0.358, -1.407e-7
0.359, -1.400e-7
0.360, -1.397e-7
0.361, -1.414e-7
0.362, -1.410e-7
0.363, -1.434e-7
0.364, -1.417e-7
0.365, -1.436e-7
0.366, -1.433e-7
0.367, -1.425e-7
0.368, -1.440e-7
0.369, -1.434e-7
0.370, -1.449e-7
0.371, -1.448e-7
0.372, -1.449e-7
0.373, -1.460e-7
0.374, -1.458e-7
0.375, -1.454e-7
0.376, -1.475e-7
0.377, -1.476e-7
0.378, -1.454e-7
0.379, -1.488e-7
0.380, -1.475e-7
0.381, -1.499e-7
0.382, -1.492e-7
0.383, -1.499e-7
0.384, -1.509e-7
0.385, -1.353e-7
0.386, -1.472e-7
0.387, -1.484e-7
0.388, -1.499e-7
0.389, -1.490e-7
0.390, -1.490e-7
0.391, -1.502e-7
0.392, -1.508e-7
0.393, -1.519e-7
0.394, -1.518e-7
0.395, -1.510e-7
0.396, -1.551e-7
0.397, -1.547e-7
0.398, -1.522e-7
0.399, -1.556e-7
0.400, -1.545e-7
0.401, -1.566e-7
0.402, -1.558e-7
0.403, -1.582e-7
0.404, -1.569e-7
0.405, -1.581e-7
0.406, -1.596e-7
0.407, -1.589e-7
0.408, -1.587e-7
0.409, -1.596e-7
0.410, -1.626e-7
0.411, -1.614e-7
0.412, -1.622e-7
0.413, -1.626e-7
0.414, -1.618e-7
0.415, -1.635e-7
0.416, -1.651e-7
0.417, -1.640e-7
0.418, -1.654e-7
0.419, -1.673e-7
0.420, -1.658e-7
0.421, -1.676e-7
0.422, -1.689e-7
0.423, -1.686e-7
0.424, -1.698e-7
0.425, -1.681e-7
0.426, -1.711e-7
0.427, -1.715e-7
0.428, -1.727e-7
0.429, -1.730e-7
0.430, -1.724e-7
0.431, -1.751e-7
0.432, -1.759e-7
0.433, -1.790e-7
0.434, -1.761e-7
0.435, -1.775e-7
0.436, -1.791e-7
0.437, -1.803e-7
0.438, -1.805e-7
0.439, -1.794e-7
0.440, -1.848e-7
0.441, -1.844e-7
0.442, -1.862e-7
0.443, -1.849e-7
0.444, -1.868e-7
0.445, -1.886e-7
0.446, -1.893e-7
0.447, -1.916e-7
0.448, -1.929e-7
0.449, -1.801e-7
0.450, -1.899e-7
0.449, -1.927e-7
0.448, -5.061e-8
0.447, -3.326e-8
0.446, -3.990e-8
0.445, -2.059e-8
0.444, -1.718e-8
0.443, -8.974e-9
0.442, -7.492e-9
0.441, -3.379e-9
0.440, -6.137e-10
0.439, 4.503e-9
0.438, 7.155e-9
0.437, 7.639e-9
0.436, 9.434e-9
0.435, 1.249e-8
0.434, 1.500e-8
0.433, 1.642e-8
0.432, 1.821e-8
0.431, 2.107e-8
0.430, 2.210e-8
0.429, 2.408e-8
0.428, 2.475e-8
0.427, 2.704e-8
0.426, 2.820e-8
0.425, 2.992e-8
0.424, 3.132e-8
0.423, 3.191e-8
0.422, 3.485e-8
0.421, 3.480e-8
0.420, 3.668e-8
0.419, 3.632e-8
0.418, 3.906e-8
0.417, 3.875e-8
0.416, 4.003e-8
0.415, 4.322e-8
0.414, 4.179e-8
0.413, 4.223e-8
0.412, 4.319e-8
0.411, 4.454e-8
0.410, 4.515e-8
0.409, 4.585e-8
0.408, 4.677e-8
0.407, 4.844e-8
0.406, 4.887e-8
0.405, 4.755e-8
0.404, 4.928e-8
0.403, 5.092e-8
0.402, 5.096e-8
0.401, 5.146e-8
0.400, 5.209e-8
0.399, 5.021e-8
0.398, 5.328e-8
0.397, 5.459e-8
0.396, 5.316e-8
0.395, 5.398e-8
0.394, 5.564e-8
0.393, 5.329e-8
0.392, 5.697e-8
0.391, 5.399e-8
0.390, 5.686e-8
0.389, 5.558e-8
0.388, 5.716e-8
0.387, 5.739e-8
0.386, 5.741e-8
0.385, 5.803e-8
0.384, 5.682e-8
0.383, 5.834e-8
0.382, 4.651e-8
0.381, 6.055e-8
0.380, 6.159e-8
0.379, 6.173e-8
0.378, 6.262e-8
0.377, 6.124e-8
0.376, 6.131e-8
0.375, 6.245e-8
0.374, 6.314e-8
0.373, 6.235e-8
0.372, 6.374e-8
0.371, 6.328e-8
0.370, 6.460e-8
0.369, 6.323e-8
0.368, 6.247e-8
0.367, 6.585e-8
0.366, 6.446e-8
0.365, 6.405e-8
0.364, 6.282e-8
0.363, 6.596e-8
0.362, 6.540e-8
0.361, 6.533e-8
0.360, 6.600e-8
0.359, 6.435e-8
0.358, 6.746e-8
0.357, 6.603e-8
0.356, 6.749e-8
0.355, 6.750e-8
0.354, 6.806e-8
0.353, 6.604e-8
0.352, 6.789e-8
0.351, 6.683e-8
0.350, 6.864e-8
0.349, 6.796e-8
0.348, 6.789e-8
0.347, 6.947e-8
0.346, 6.738e-8
0.345, 6.830e-8
0.344, 6.956e-8
0.343, 6.799e-8
0.342, 6.876e-8
0.341, 6.940e-8
0.340, 6.859e-8
0.339, 6.952e-8
0.338, 6.940e-8
0.337, 7.236e-8
0.336, 6.903e-8
0.335, 7.155e-8
0.334, 7.052e-8
0.333, 7.138e-8
0.332, 7.034e-8
0.331, 6.986e-8
0.330, 7.001e-8
0.329, 6.941e-8
0.328, 7.028e-8
0.327, 7.069e-8
0.326, 7.127e-8
0.325, 7.052e-8
0.324, 7.040e-8
0.323, 7.007e-8
0.322, 7.103e-8
0.321, 6.986e-8
0.320, 6.948e-8
0.319, 7.152e-8
0.318, 5.995e-8
0.317, 7.118e-8
0.316, 7.317e-8
0.315, 7.252e-8
0.314, 7.384e-8
0.313, 7.047e-8
0.312, 7.321e-8
0.311, 7.362e-8
0.310, 7.248e-8
0.309, 7.154e-8
0.308, 7.207e-8
0.307, 7.201e-8
0.306, 7.336e-8
0.305, 7.229e-8
0.304, 7.331e-8
0.303, 7.245e-8
0.302, 7.415e-8
0.301, 7.076e-8
0.300, 7.399e-8
0.299, 7.307e-8
0.298, 7.303e-8
0.297, 7.259e-8
0.296, 7.292e-8
0.295, 7.510e-8
0.294, 7.265e-8
0.293, 7.390e-8
0.292, 7.438e-8
0.291, 7.251e-8
0.290, 7.477e-8
0.289, 7.324e-8
0.288, 7.347e-8
0.287, 7.503e-8
0.286, 7.553e-8
0.285, 7.503e-8
0.284, 7.449e-8
0.283, 7.384e-8
0.282, 7.351e-8
0.281, 7.551e-8
0.280, 7.523e-8
0.279, 7.440e-8
0.278, 7.451e-8
0.277, 7.482e-8
0.276, 7.589e-8
0.275, 7.451e-8
0.274, 7.569e-8
0.273, 7.582e-8
0.272, 7.532e-8
0.271, 7.534e-8
0.270, 7.673e-8
0.269, 7.550e-8
0.268, 7.544e-8
0.267, 7.455e-8
0.266, 7.658e-8
0.265, 7.538e-8
0.264, 7.608e-8
0.263, 7.695e-8
0.262, 7.576e-8
0.261, 7.555e-8
0.260, 7.604e-8
0.259, 7.645e-8
0.258, 7.489e-8
0.257, 7.595e-8
0.256, 7.451e-8
0.255, 7.717e-8
0.254, 6.366e-8
0.253, 7.661e-8
0.252, 7.720e-8
0.251, 7.672e-8
0.250, 7.799e-8
0.249, 7.716e-8
0.248, 7.631e-8
0.247, 7.860e-8
0.246, 7.725e-8
0.245, 7.766e-8
0.244, 7.738e-8
0.243, 7.679e-8
0.242, 7.834e-8
0.241, 7.695e-8
0.240, 7.782e-8
0.239, 7.850e-8
0.238, 7.665e-8
0.237, 7.735e-8
0.236, 7.861e-8
0.235, 7.813e-8
0.234, 7.841e-8
0.233, 7.855e-8
0.232, 7.822e-8
0.231, 7.763e-8
0.230, 7.986e-8
0.229, 7.917e-8
0.228, 7.886e-8
0.227, 7.836e-8
0.226, 7.876e-8
0.225, 7.937e-8
0.224, 7.870e-8
0.223, 7.917e-8
0.222, 8.120e-8
0.221, 7.961e-8
0.220, 7.918e-8
0.219, 8.169e-8
0.218, 8.021e-8
0.217, 7.882e-8
0.216, 8.075e-8
0.215, 8.138e-8
0.214, 7.948e-8
0.213, 8.132e-8
0.212, 7.955e-8
0.211, 8.098e-8
0.210, 8.167e-8
0.209, 7.996e-8
0.208, 8.186e-8
0.207, 8.104e-8
0.206, 8.180e-8
0.205, 8.279e-8
0.204, 8.076e-8
0.203, 8.247e-8
0.202, 8.158e-8
0.201, 8.464e-8
0.200, 8.103e-8
0.199, 8.007e-8
0.198, 8.308e-8
0.197, 8.290e-8
0.196, 8.116e-8
0.195, 8.334e-8
0.194, 8.313e-8
0.193, 8.388e-8
0.192, 8.131e-8
0.191, 8.067e-8
0.190, 7.485e-8
0.189, 8.472e-8
0.188, 8.399e-8
0.187, 8.408e-8
0.186, 8.418e-8
0.185, 8.639e-8
0.184, 8.467e-8
0.183, 8.433e-8
0.182, 8.643e-8
0.181, 8.491e-8
0.180, 8.675e-8
0.179, 8.640e-8
0.178, 8.521e-8
0.177, 8.606e-8
0.176, 8.528e-8
0.175, 8.737e-8
0.174, 8.574e-8
0.173, 8.523e-8
0.172, 8.752e-8
0.171, 8.464e-8
0.170, 8.762e-8
0.169, 8.730e-8
0.168, 8.682e-8
0.167, 8.669e-8
0.166, 8.707e-8
0.165, 8.651e-8
0.164, 8.668e-8
0.163, 8.792e-8
0.162, 8.747e-8
0.161, 8.681e-8
0.160, 8.715e-8
0.159, 8.728e-8
0.158, 8.780e-8
0.157, 8.871e-8
0.156, 8.706e-8
0.155, 8.916e-8
0.154, 8.753e-8
0.153, 8.718e-8
0.152, 8.871e-8
0.151, 8.787e-8
0.150, 8.928e-8
0.149, 8.755e-8
0.148, 8.895e-8
0.147, 8.833e-8
0.146, 8.975e-8
0.145, 9.021e-8
0.144, 8.764e-8
0.143, 8.977e-8
0.142, 9.003e-8
0.141, 8.846e-8
0.140, 8.963e-8
0.139, 9.003e-8
0.138, 8.896e-8
0.137, 8.970e-8
0.136, 8.916e-8
0.135, 8.904e-8
0.134, 8.964e-8
0.133, 8.849e-8
0.132, 9.135e-8
0.131, 8.856e-8
0.130, 9.002e-8
0.129, 8.918e-8
0.128, 8.883e-8
0.127, 8.843e-8
0.126, 7.915e-8
0.125, 9.063e-8
0.124, 8.896e-8
0.123, 9.059e-8
0.122, 9.063e-8
0.121, 9.157e-8
0.120, 9.041e-8
0.119, 9.092e-8
0.118, 9.054e-8
0.117, 9.238e-8
0.116, 9.105e-8
0.115, 9.061e-8
0.114, 9.205e-8
0.113, 9.054e-8
0.112, 9.210e-8
0.111, 9.134e-8
0.110, 9.276e-8
0.109, 9.153e-8
0.108, 9.190e-8
0.107, 9.084e-8
0.106, 9.027e-8
0.105, 9.191e-8
0.104, 9.255e-8
0.103, 9.163e-8
0.102, 9.299e-8
0.101, 9.288e-8
0.100, 9.151e-8
0.099, 9.457e-8
0.098, 9.114e-8
0.097, 9.436e-8
0.096, 9.273e-8
0.095, 9.347e-8
0.094, 9.235e-8
0.093, 9.326e-8
0.092, 9.414e-8
0.091, 9.407e-8
0.090, 9.437e-8
0.089, 9.390e-8
0.088, 9.453e-8
0.087, 9.425e-8
0.086, 9.482e-8
0.085, 9.371e-8
0.084, 9.350e-8
0.083, 9.539e-8
0.082, 9.435e-8
0.081, 9.408e-8
0.080, 9.534e-8
0.079, 9.589e-8
0.078, 9.506e-8
0.077, 9.416e-8
0.076, 9.600e-8
0.075, 9.571e-8
0.074, 9.641e-8
0.073, 9.445e-8
0.072, 9.660e-8
0.071, 9.585e-8
0.070, 9.593e-8
0.069, 9.710e-8
0.068, 9.443e-8
0.067, 9.621e-8
0.066, 9.768e-8
0.065, 9.436e-8
0.064, 9.832e-8
0.063, 9.457e-8
0.062, 8.696e-8
0.061, 9.674e-8
0.060, 9.879e-8
0.059, 9.717e-8
0.058, 9.815e-8
0.057, 9.790e-8
0.056, 9.753e-8
0.055, 9.749e-8
0.054, 9.843e-8
0.053, 9.922e-8
0.052, 9.798e-8
0.051, 9.815e-8
0.050, 9.925e-8
0.049, 9.906e-8
0.048, 9.866e-8
0.047, 9.872e-8
0.046, 9.966e-8
0.045, 9.902e-8
0.044, 9.907e-8
0.043, 1.006e-7
0.042, 9.936e-8
0.041, 1.010e-7
0.040, 9.967e-8
0.039, 1.007e-7
0.038, 9.905e-8
0.037, 1.023e-7
0.036, 1.009e-7
0.035, 1.018e-7
0.034, 9.897e-8
0.033, 1.035e-7
0.032, 1.011e-7
0.031, 1.026e-7
0.030, 1.017e-7
0.029, 1.029e-7
0.028, 1.008e-7
0.027, 1.032e-7
0.026, 1.029e-7
0.025, 1.044e-7
0.024, 1.032e-7
0.023, 1.026e-7
0.022, 1.032e-7
0.021, 1.049e-7
0.020, 1.038e-7
0.019, 1.049e-7
0.018, 1.052e-7
0.017, 1.041e-7
0.016, 1.047e-7
0.015, 1.039e-7
0.014, 1.049e-7
0.013, 1.056e-7
0.012, 1.066e-7
0.011, 1.051e-7
0.010, 1.058e-7
0.009, 1.064e-7
0.008, 1.055e-7
0.007, 1.054e-7
0.006, 1.069e-7
0.005, 1.067e-7
0.004, 1.075e-7
0.003, 1.081e-7
0.002, 1.081e-7
0.001, 1.080e-7
0.000, 1.068e-7
-0.001, 1.068e-7
-0.002, 9.576e-8
-0.003, 1.095e-7
-0.004, 1.114e-7
-0.005, 1.091e-7
-0.006, 1.106e-7
-0.007, 1.084e-7
-0.008, 1.123e-7
-0.009, 1.104e-7
-0.010, 1.112e-7
-0.011, 1.117e-7
-0.012, 1.126e-7
-0.013, 1.127e-7
-0.014, 1.122e-7
-0.015, 1.121e-7
-0.016, 1.125e-7
-0.017, 1.128e-7
-0.018, 1.123e-7
-0.019, 1.124e-7
-0.020, 1.143e-7
-0.021, 1.144e-7
-0.022, 1.152e-7
-0.023, 1.151e-7
-0.024, 1.156e-7
-0.025, 1.155e-7
-0.026, 1.140e-7
-0.027, 1.158e-7
-0.028, 1.161e-7
-0.029, 1.166e-7
-0.030, 1.168e-7
-0.031, 1.157e-7
-0.032, 1.173e-7
-0.033, 1.171e-7
-0.034, 1.204e-7
-0.035, 1.194e-7
-0.036, 1.183e-7
-0.037, 1.192e-7
-0.038, 1.195e-7
-0.039, 1.204e-7
-0.040, 1.182e-7
-0.041, 1.207e-7
-0.042, 1.204e-7
-0.043, 1.207e-7
-0.044, 1.214e-7
-0.045, 1.212e-7
-0.046, 1.221e-7
-0.047, 1.214e-7
-0.048, 1.223e-7
-0.049, 1.220e-7
-0.050, 1.235e-7
