-0.049, 1.269e-8
-0.048, -5.016e-8
-0.047, -5.988e-8
-0.046, -6.552e-8
-0.045, -7.812e-8
-0.044, -7.496e-8
-0.043, -7.879e-8
-0.042, -7.424e-8
-0.041, -7.393e-8
-0.040, -7.910e-8
-0.039, -8.000e-8
-0.038, -8.272e-8
-0.037, -8.492e-8
-0.036, -8.577e-8
-0.035, -9.198e-8
-0.034, -8.957e-8
-0.033, -9.301e-8
-0.032, -9.294e-8
-0.031, -9.374e-8
-0.030, -9.702e-8
-0.029, -9.620e-8
-0.028, -9.689e-8
-0.027, -9.793e-8
-0.026, -9.175e-8
-0.025, -1.014e-7
-0.024, -1.048e-7
-0.023, -9.884e-8
-0.022, -1.095e-7
-0.021, -1.001e-7
-0.020, -1.032e-7
-0.019, -9.995e-8
-0.018, -1.091e-7
-0.017, -1.029e-7
-0.016, -1.016e-7
-0.015, -1.023e-7
-0.014, -9.620e-8
-0.013, -1.062e-7
-0.012, -9.984e-8
-0.011, -1.042e-7
-0.010, -1.011e-7
-0.009, -1.078e-7
-0.008, -1.014e-7
-0.007, -1.061e-7
-0.006, -1.075e-7
-0.005, -1.037e-7
-0.004, -1.036e-7
-0.003, -1.047e-7
-0.002, -1.022e-7
-0.001, -1.024e-7
-0.000, -1.053e-7
0.001, -1.002e-7
0.002, -1.028e-7
0.003, -1.075e-7
0.004, -1.052e-7
0.005, -1.085e-7
0.006, -1.110e-7
0.007, -1.030e-7
0.008, -1.047e-7
0.009, -1.091e-7
0.010, -1.034e-7
0.011, -1.065e-7
0.012, -1.053e-7
0.013, -1.091e-7
0.014, -1.055e-7
0.015, -1.081e-7
0.016, -1.109e-7
0.017, -1.040e-7
0.018, -1.120e-7
0.019, -1.064e-7
0.020, -1.103e-7
0.021, -1.105e-7
0.022, -1.081e-7
0.023, -1.127e-7
0.024, -1.108e-7
0.025, -1.133e-7
0.026, -1.098e-7
0.027, -1.115e-7
0.028, -1.057e-7
0.029, -1.147e-7
0.030, -1.055e-7
0.031, -1.078e-7
0.032, -1.109e-7
0.033, -1.064e-7
0.034, -1.103e-7
0.035, -1.081e-7
0.036, -1.065e-7
0.037, -1.052e-7
0.038, -1.048e-7
0.039, -1.059e-7
0.040, -1.028e-7
0.041, -1.137e-7
0.042, -1.141e-7
0.043, -1.083e-7
0.044, -1.020e-7
0.045, -1.080e-7
0.046, -1.106e-7
0.047, -1.071e-7
0.048, -1.071e-7
0.049, -1.105e-7
0.050, -1.092e-7
0.051, -1.118e-7
0.052, -1.096e-7
0.053, -1.029e-7
0.054, -1.160e-7
0.055, -1.131e-7
0.056, -1.090e-7
0.057, -1.100e-7
0.058, -1.099e-7
0.059, -1.051e-7
0.060, -1.178e-7
0.061, -1.047e-7
0.062, -1.054e-7
0.063, -1.092e-7
0.064, -1.059e-7
0.065, -9.920e-8
0.066, -1.064e-7
0.067, -1.063e-7
0.068, -1.106e-7
0.069, -1.086e-7
0.070, -1.137e-7
0.071, -1.083e-7
0.072, -1.099e-7
0.073, -1.074e-7
0.074, -1.085e-7
0.075, -1.119e-7
0.076, -1.095e-7
0.077, -1.047e-7
0.078, -1.163e-7
0.079, -1.086e-7
0.080, -1.080e-7
0.081, -1.153e-7
0.082, -1.081e-7
0.083, -1.081e-7
0.084, -1.079e-7
0.085, -1.060e-7
0.086, -1.066e-7
0.087, -1.034e-7
0.088, -1.012e-7
0.089, -1.073e-7
0.090, -1.035e-7
0.091, -1.128e-7
0.092, -1.081e-7
0.093, -1.059e-7
0.094, -1.081e-7
0.095, -1.064e-7
0.096, -1.124e-7
0.097, -1.073e-7
0.098, -1.028e-7
0.099, -1.136e-7
0.100, -1.087e-7
0.101, -1.103e-7
0.102, -1.156e-7
0.103, -1.081e-7
0.104, -1.119e-7
0.105, -1.112e-7
0.106, -1.127e-7
0.107, -1.108e-7
0.108, -1.124e-7
0.109, -1.093e-7
0.110, -1.085e-7
0.111, -1.096e-7
0.112, -1.070e-7
0.113, -1.067e-7
0.114, -1.140e-7
0.115, -1.022e-7
0.116, -1.108e-7
0.117, -1.107e-7
0.118, -1.105e-7
0.119, -1.096e-7
0.120, -1.103e-7
0.121, -1.124e-7
0.122, -1.085e-7
0.123, -1.076e-7
0.124, -1.107e-7
0.125, -1.131e-7
0.126, -1.078e-7
0.127, -1.114e-7
0.128, -1.161e-7
0.129, -1.036e-7
0.130, -1.107e-7
0.131, -1.116e-7
0.132, -1.143e-7
0.133, -1.145e-7
0.134, -1.154e-7
0.135, -1.101e-7
0.136, -1.062e-7
0.137, -1.121e-7
0.138, -1.116e-7
0.139, -1.045e-7
0.140, -1.147e-7
0.141, -1.097e-7
0.142, -1.100e-7
0.143, -1.145e-7
0.144, -1.118e-7
0.145, -1.119e-7
0.146, -1.086e-7
0.147, -1.155e-7
0.148, -1.198e-7
0.149, -1.159e-7
0.150, -1.173e-7
0.151, -1.145e-7
0.152, -1.142e-7
0.153, -1.203e-7
0.154, -1.178e-7
0.155, -1.173e-7
0.156, -1.183e-7
0.157, -1.230e-7
0.158, -1.148e-7
0.159, -1.184e-7
0.160, -1.186e-7
0.161, -1.200e-7
0.162, -1.137e-7
0.163, -1.199e-7
0.164, -1.186e-7
0.165, -1.212e-7
0.166, -1.222e-7
0.167, -1.169e-7
0.168, -1.222e-7
0.169, -1.121e-7
0.170, -1.248e-7
0.171, -1.279e-7
0.172, -1.252e-7
0.173, -1.266e-7
0.174, -1.272e-7
0.175, -1.327e-7
0.176, -1.261e-7
0.177, -1.329e-7
0.178, -1.318e-7
0.179, -1.272e-7
0.180, -1.387e-7
0.181, -1.361e-7
0.182, -1.355e-7
0.183, -1.355e-7
0.184, -1.419e-7
0.185, -1.383e-7
0.186, -1.380e-7
0.187, -1.394e-7
0.188, -1.352e-7
0.189, -1.362e-7
0.190, -1.469e-7
0.191, -1.431e-7
0.192, -1.403e-7
0.193, -1.358e-7
0.194, -1.473e-7
0.195, -1.497e-7
0.196, -1.481e-7
0.197, -1.480e-7
0.198, -1.493e-7
0.199, -1.557e-7
0.200, -1.524e-7
0.201, -1.511e-7
0.202, -1.597e-7
0.203, -1.531e-7
0.204, -1.588e-7
0.205, -1.552e-7
0.206, -1.563e-7
0.207, -1.624e-7
0.208, -1.634e-7
0.209, -1.659e-7
0.210, -1.625e-7
0.211, -1.610e-7
0.212, -1.657e-7
0.213, -1.579e-7
0.214, -1.635e-7
0.215, -1.684e-7
0.216, -1.716e-7
0.217, -1.688e-7
0.218, -1.685e-7
0.219, -1.665e-7
0.220, -1.696e-7
0.221, -1.674e-7
0.222, -1.735e-7
0.223, -1.756e-7
0.224, -1.763e-7
0.225, -1.845e-7
0.226, -1.776e-7
0.227, -1.761e-7
0.228, -1.744e-7
0.229, -1.803e-7
0.230, -1.806e-7
0.231, -1.742e-7
0.232, -1.769e-7
0.233, -1.736e-7
0.234, -1.793e-7
0.235, -1.799e-7
0.236, -1.758e-7
0.237, -1.770e-7
0.238, -1.751e-7
0.239, -1.746e-7
0.240, -1.756e-7
0.241, -1.769e-7
0.242, -1.799e-7
0.243, -1.783e-7
0.244, -1.784e-7
0.245, -1.798e-7
0.246, -1.850e-7
0.247, -1.852e-7
0.248, -1.798e-7
0.249, -1.840e-7
0.250, -1.822e-7
0.251, -1.747e-7
0.252, -1.813e-7
0.253, -1.851e-7
0.254, -1.764e-7
0.255, -1.762e-7
0.256, -1.815e-7
0.257, -1.655e-7
0.258, -1.781e-7
0.259, -1.762e-7
0.260, -1.825e-7
0.261, -1.774e-7
0.262, -1.794e-7
0.263, -1.770e-7
0.264, -1.784e-7
0.265, -1.734e-7
0.266, -1.729e-7
0.267, -1.807e-7
0.268, -1.753e-7
0.269, -1.813e-7
0.270, -1.821e-7
0.271, -1.828e-7
0.272, -1.862e-7
0.273, -1.792e-7
0.274, -1.773e-7
0.275, -1.786e-7
0.276, -1.813e-7
0.277, -1.842e-7
0.278, -1.830e-7
0.279, -1.788e-7
0.280, -1.839e-7
0.281, -1.849e-7
0.282, -1.786e-7
0.283, -1.843e-7
0.284, -1.752e-7
0.285, -1.826e-7
0.286, -1.773e-7
0.287, -1.806e-7
0.288, -1.771e-7
0.289, -1.768e-7
0.290, -1.777e-7
0.291, -1.807e-7
0.292, -1.850e-7
0.293, -1.813e-7
0.294, -1.815e-7
0.295, -1.859e-7
0.296, -1.815e-7
0.297, -1.890e-7
0.298, -1.879e-7
0.299, -1.779e-7
0.300, -1.841e-7
0.301, -1.845e-7
0.302, -1.870e-7
0.303, -1.816e-7
0.304, -1.845e-7
0.305, -1.865e-7
0.306, -1.850e-7
0.307, -1.847e-7
0.308, -1.829e-7
0.309, -1.893e-7
0.310, -1.831e-7
0.311, -1.851e-7
0.312, -1.819e-7
0.313, -1.803e-7
0.314, -1.819e-7
0.315, -1.858e-7
0.316, -1.879e-7
0.317, -1.853e-7
0.318, -1.901e-7
0.319, -1.878e-7
0.320, -1.885e-7
0.321, -1.801e-7
0.322, -1.842e-7
0.323, -1.852e-7
0.324, -1.881e-7
0.325, -1.924e-7
0.326, -1.891e-7
0.327, -1.934e-7
0.328, -1.845e-7
0.329, -1.910e-7
0.330, -1.918e-7
0.331, -1.946e-7
0.332, -1.903e-7
0.333, -1.941e-7
0.334, -1.894e-7
0.335, -1.965e-7
0.336, -1.867e-7
0.337, -1.910e-7
0.338, -1.894e-7
0.339, -1.948e-7
0.340, -1.980e-7
0.341, -1.846e-7
0.342, -1.983e-7
0.343, -1.970e-7
0.344, -1.917e-7
0.345, -1.925e-7
0.346, -1.976e-7
0.347, -1.964e-7
0.348, -1.952e-7
0.349, -1.978e-7
0.350, -2.031e-7
0.351, -2.001e-7
0.352, -1.992e-7
0.353, -1.976e-7
0.354, -1.993e-7
0.355, -2.016e-7
0.356, -2.001e-7
0.357, -1.979e-7
0.358, -2.024e-7
0.359, -1.990e-7
0.360, -1.952e-7
0.361, -2.038e-7
0.362, -1.999e-7
0.363, -1.944e-7
0.364, -2.004e-7
0.365, -2.072e-7
0.366, -2.040e-7
0.367, -2.044e-7
0.368, -2.077e-7
0.369, -2.042e-7
0.370, -2.026e-7
0.371, -2.068e-7
0.372, -2.053e-7
0.373, -2.111e-7
0.374, -2.064e-7
0.375, -2.063e-7
0.376, -2.086e-7
0.377, -2.135e-7
0.378, -2.046e-7
0.379, -2.210e-7
0.380, -2.055e-7
0.381, -2.162e-7
0.382, -2.120e-7
0.383, -2.139e-7
0.384, -2.113e-7
0.385, -1.993e-7
0.386, -2.025e-7
0.387, -2.093e-7
0.388, -2.088e-7
0.389, -2.054e-7
0.390, -2.081e-7
0.391, -2.156e-7
0.392, -2.143e-7
0.393, -2.151e-7
0.394, -2.193e-7
0.395, -2.207e-7
0.396, -2.194e-7
0.397, -2.221e-7
0.398, -2.281e-7
0.399, -2.202e-7
0.400, -2.209e-7
0.401, -2.227e-7
0.402, -2.213e-7
0.403, -2.218e-7
0.404, -2.230e-7
0.405, -2.274e-7
0.406, -2.229e-7
0.407, -2.289e-7
0.408, -2.235e-7
0.409, -2.261e-7
0.410, -2.273e-7
0.411, -2.210e-7
0.412, -2.322e-7
0.413, -2.322e-7
0.414, -2.290e-7
0.415, -2.342e-7
0.416, -2.346e-7
0.417, -2.366e-7
0.418, -2.324e-7
0.419, -2.350e-7
0.420, -2.364e-7
0.421, -2.443e-7
0.422, -2.398e-7
0.423, -2.385e-7
0.424, -2.384e-7
0.425, -2.430e-7
0.426, -2.408e-7
0.427, -2.458e-7
0.428, -2.411e-7
0.429, -2.407e-7
0.430, -2.449e-7
0.431, -2.459e-7
0.432, -2.515e-7
0.433, -2.478e-7
0.434, -2.476e-7
0.435, -2.492e-7
0.436, -2.502e-7
0.437, -2.464e-7
0.438, -2.528e-7
0.439, -2.509e-7
0.440, -2.505e-7
0.441, -2.489e-7
0.442, -2.544e-7
0.443, -2.551e-7
0.444, -2.661e-7
0.445, -2.577e-7
0.446, -2.650e-7
0.447, -2.585e-7
0.448, -2.667e-7
0.449, -2.509e-7
0.450, -2.647e-7
0.449, -2.729e-7
0.448, -1.245e-7
0.447, -1.104e-7
0.446, -1.139e-7
0.445, -8.694e-8
0.444, -7.525e-8
0.443, -6.340e-8
0.442, -5.810e-8
0.441, -5.714e-8
0.440, -3.800e-8
0.439, -3.340e-8
0.438, -3.417e-8
0.437, -2.941e-8
0.436, -2.310e-8
0.435, -1.623e-8
0.434, -1.723e-8
0.433, -1.180e-8
0.432, 1.492e-9
0.431, -2.827e-9
0.430, -8.108e-10
0.429, -2.698e-9
0.428, 9.484e-10
0.427, 9.096e-9
0.426, 1.062e-8
0.425, 1.616e-8
0.424, 1.799e-8
0.423, 1.290e-8
0.422, 2.138e-8
0.421, 2.200e-8
0.420, 2.500e-8
0.419, 2.539e-8
0.418, 2.984e-8
0.417, 3.437e-8
0.416, 2.860e-8
0.415, 4.130e-8
0.414, 3.956e-8
0.413, 3.561e-8
0.412, 4.394e-8
0.411, 4.900e-8
0.410, 4.404e-8
0.409, 4.083e-8
0.408, 4.774e-8
0.407, 4.417e-8
0.406, 5.159e-8
0.405, 4.939e-8
0.404, 4.075e-8
0.403, 5.625e-8
0.402, 5.480e-8
0.401, 6.075e-8
0.400, 5.087e-8
0.399, 5.795e-8
0.398, 5.570e-8
0.397, 5.984e-8
0.396, 5.756e-8
0.395, 5.622e-8
0.394, 6.157e-8
0.393, 5.506e-8
0.392, 5.974e-8
0.391, 7.000e-8
0.390, 6.124e-8
0.389, 6.186e-8
0.388, 7.541e-8
0.387, 6.975e-8
0.386, 7.174e-8
0.385, 7.673e-8
0.384, 7.425e-8
0.383, 7.065e-8
0.382, 5.982e-8
0.381, 7.383e-8
0.380, 7.246e-8
0.379, 7.378e-8
0.378, 7.919e-8
0.377, 7.420e-8
0.376, 7.800e-8
0.375, 7.764e-8
0.374, 8.120e-8
0.373, 7.593e-8
0.372, 7.508e-8
0.371, 8.330e-8
0.370, 8.061e-8
0.369, 7.839e-8
0.368, 7.823e-8
0.367, 7.624e-8
0.366, 8.294e-8
0.365, 8.364e-8
0.364, 8.180e-8
0.363, 7.851e-8
0.362, 8.953e-8
0.361, 9.284e-8
0.360, 8.426e-8
0.359, 8.764e-8
0.358, 9.258e-8
0.357, 7.769e-8
0.356, 8.560e-8
0.355, 9.015e-8
0.354, 8.206e-8
0.353, 8.842e-8
0.352, 8.131e-8
0.351, 9.486e-8
0.350, 8.444e-8
0.349, 9.098e-8
0.348, 9.220e-8
0.347, 9.049e-8
0.346, 9.305e-8
0.345, 8.480e-8
0.344, 8.956e-8
0.343, 8.721e-8
0.342, 8.837e-8
0.341, 9.660e-8
0.340, 9.000e-8
0.339, 9.264e-8
0.338, 9.696e-8
0.337, 9.587e-8
0.336, 9.538e-8
0.335, 9.628e-8
0.334, 1.005e-7
0.333, 9.719e-8
0.332, 9.530e-8
0.331, 9.670e-8
0.330, 9.429e-8
0.329, 9.401e-8
0.328, 9.168e-8
0.327, 9.838e-8
0.326, 9.667e-8
0.325, 9.721e-8
0.324, 9.310e-8
0.323, 9.827e-8
0.322, 1.008e-7
0.321, 9.251e-8
0.320, 9.634e-8
0.319, 9.220e-8
0.318, 8.322e-8
0.317, 9.354e-8
0.316, 9.799e-8
0.315, 9.752e-8
0.314, 9.522e-8
0.313, 1.027e-7
0.312, 9.853e-8
0.311, 9.690e-8
0.310, 1.005e-7
0.309, 9.520e-8
0.308, 9.802e-8
0.307, 1.012e-7
0.306, 9.758e-8
0.305, 1.005e-7
0.304, 1.018e-7
0.303, 9.755e-8
0.302, 9.933e-8
0.301, 9.605e-8
0.300, 1.008e-7
0.299, 1.025e-7
0.298, 9.675e-8
0.297, 1.042e-7
0.296, 9.724e-8
0.295, 1.011e-7
0.294, 9.703e-8
0.293, 1.036e-7
0.292, 1.029e-7
0.291, 9.970e-8
0.290, 1.034e-7
0.289, 1.009e-7
0.288, 1.108e-7
0.287, 1.043e-7
0.286, 1.032e-7
0.285, 1.012e-7
0.284, 1.022e-7
0.283, 1.046e-7
0.282, 1.047e-7
0.281, 1.043e-7
0.280, 9.719e-8
0.279, 1.038e-7
0.278, 1.062e-7
0.277, 9.983e-8
0.276, 1.004e-7
0.275, 1.014e-7
0.274, 1.012e-7
0.273, 1.006e-7
0.272, 9.972e-8
0.271, 1.058e-7
0.270, 1.068e-7
0.269, 1.022e-7
0.268, 1.028e-7
0.267, 1.071e-7
0.266, 1.005e-7
0.265, 1.074e-7
0.264, 1.005e-7
0.263, 1.044e-7
0.262, 1.116e-7
0.261, 1.088e-7
0.260, 1.086e-7
0.259, 1.112e-7
0.258, 1.040e-7
0.257, 1.030e-7
0.256, 1.076e-7
0.255, 1.033e-7
0.254, 9.052e-8
0.253, 1.048e-7
0.252, 1.065e-7
0.251, 1.032e-7
0.250, 1.076e-7
0.249, 1.040e-7
0.248, 1.059e-7
0.247, 1.024e-7
0.246, 1.087e-7
0.245, 1.074e-7
0.244, 1.061e-7
0.243, 1.063e-7
0.242, 1.126e-7
0.241, 1.046e-7
0.240, 1.041e-7
0.239, 1.090e-7
0.238, 1.131e-7
0.237, 1.118e-7
0.236, 1.118e-7
0.235, 1.110e-7
0.234, 1.134e-7
0.233, 1.122e-7
0.232, 1.142e-7
0.231, 1.089e-7
0.230, 1.097e-7
0.229, 1.100e-7
0.228, 1.107e-7
0.227, 1.090e-7
0.226, 1.081e-7
0.225, 1.101e-7
0.224, 1.029e-7
0.223, 1.134e-7
0.222, 1.125e-7
0.221, 1.089e-7
0.220, 1.104e-7
0.219, 1.120e-7
0.218, 1.041e-7
0.217, 1.083e-7
0.216, 1.082e-7
0.215, 1.099e-7
0.214, 1.134e-7
0.213, 1.123e-7
0.212, 1.171e-7
0.211, 1.129e-7
0.210, 1.228e-7
0.209, 1.158e-7
0.208, 1.195e-7
0.207, 1.166e-7
0.206, 1.157e-7
0.205, 1.146e-7
0.204, 1.122e-7
0.203, 1.164e-7
0.202, 1.209e-7
0.201, 1.173e-7
0.200, 1.120e-7
0.199, 1.107e-7
0.198, 1.151e-7
0.197, 1.195e-7
0.196, 1.124e-7
0.195, 1.112e-7
0.194, 1.095e-7
0.193, 1.131e-7
0.192, 1.166e-7
0.191, 1.160e-7
0.190, 1.119e-7
0.189, 1.207e-7
0.188, 1.172e-7
0.187, 1.220e-7
0.186, 1.190e-7
0.185, 1.234e-7
0.184, 1.203e-7
0.183, 1.135e-7
0.182, 1.193e-7
0.181, 1.184e-7
0.180, 1.220e-7
0.179, 1.254e-7
0.178, 1.147e-7
0.177, 1.177e-7
0.176, 1.238e-7
0.175, 1.213e-7
0.174, 1.151e-7
0.173, 1.149e-7
0.172, 1.233e-7
0.171, 1.216e-7
0.170, 1.197e-7
0.169, 1.178e-7
0.168, 1.187e-7
0.167, 1.219e-7
0.166, 1.189e-7
0.165, 1.202e-7
0.164, 1.211e-7
0.163, 1.234e-7
0.162, 1.249e-7
0.161, 1.258e-7
0.160, 1.262e-7
0.159, 1.235e-7
0.158, 1.232e-7
0.157, 1.274e-7
0.156, 1.234e-7
0.155, 1.268e-7
0.154, 1.194e-7
0.153, 1.213e-7
0.152, 1.264e-7
0.151, 1.244e-7
0.150, 1.229e-7
0.149, 1.226e-7
0.148, 1.228e-7
0.147, 1.234e-7
0.146, 1.229e-7
0.145, 1.204e-7
0.144, 1.219e-7
0.143, 1.225e-7
0.142, 1.238e-7
0.141, 1.205e-7
0.140, 1.292e-7
0.139, 1.265e-7
0.138, 1.278e-7
0.137, 1.274e-7
0.136, 1.294e-7
0.135, 1.282e-7
0.134, 1.263e-7
0.133, 1.259e-7
0.132, 1.224e-7
0.131, 1.264e-7
0.130, 1.237e-7
0.129, 1.279e-7
0.128, 1.219e-7
0.127, 1.229e-7
0.126, 1.101e-7
0.125, 1.236e-7
0.124, 1.238e-7
0.123, 1.151e-7
0.122, 1.226e-7
0.121, 1.217e-7
0.120, 1.253e-7
0.119, 1.258e-7
0.118, 1.237e-7
0.117, 1.223e-7
0.116, 1.230e-7
0.115, 1.270e-7
0.114, 1.285e-7
0.113, 1.286e-7
0.112, 1.288e-7
0.111, 1.258e-7
0.110, 1.284e-7
0.109, 1.355e-7
0.108, 1.341e-7
0.107, 1.279e-7
0.106, 1.341e-7
0.105, 1.297e-7
0.104, 1.279e-7
0.103, 1.251e-7
0.102, 1.332e-7
0.101, 1.264e-7
0.100, 1.227e-7
0.099, 1.279e-7
0.098, 1.256e-7
0.097, 1.295e-7
0.096, 1.288e-7
0.095, 1.291e-7
0.094, 1.212e-7
0.093, 1.293e-7
0.092, 1.304e-7
0.091, 1.288e-7
0.090, 1.307e-7
0.089, 1.326e-7
0.088, 1.313e-7
0.087, 1.330e-7
0.086, 1.318e-7
0.085, 1.336e-7
0.084, 1.333e-7
0.083, 1.345e-7
0.082, 1.296e-7
0.081, 1.346e-7
0.080, 1.337e-7
0.079, 1.319e-7
0.078, 1.316e-7
0.077, 1.325e-7
0.076, 1.300e-7
0.075, 1.352e-7
0.074, 1.353e-7
0.073, 1.341e-7
0.072, 1.325e-7
0.071, 1.323e-7
0.070, 1.330e-7
0.069, 1.311e-7
0.068, 1.277e-7
0.067, 1.343e-7
0.066, 1.318e-7
0.065, 1.341e-7
0.064, 1.395e-7
0.063, 1.317e-7
0.062, 1.252e-7
0.061, 1.349e-7
0.060, 1.385e-7
0.059, 1.347e-7
0.058, 1.379e-7
0.057, 1.361e-7
0.056, 1.326e-7
0.055, 1.392e-7
0.054, 1.369e-7
0.053, 1.420e-7
0.052, 1.329e-7
0.051, 1.401e-7
0.050, 1.381e-7
0.049, 1.340e-7
0.048, 1.453e-7
0.047, 1.360e-7
0.046, 1.359e-7
0.045, 1.388e-7
0.044, 1.320e-7
0.043, 1.338e-7
0.042, 1.358e-7
0.041, 1.365e-7
0.040, 1.363e-7
0.039, 1.413e-7
0.038, 1.349e-7
0.037, 1.475e-7
0.036, 1.382e-7
0.035, 1.423e-7
0.034, 1.444e-7
0.033, 1.430e-7
0.032, 1.410e-7
0.031, 1.383e-7
0.030, 1.418e-7
0.029, 1.439e-7
0.028, 1.428e-7
0.027, 1.470e-7
0.026, 1.471e-7
0.025, 1.408e-7
0.024, 1.424e-7
0.023, 1.343e-7
0.022, 1.410e-7
0.021, 1.463e-7
0.020, 1.487e-7
0.019, 1.429e-7
0.018, 1.471e-7
0.017, 1.391e-7
0.016, 1.420e-7
0.015, 1.441e-7
0.014, 1.457e-7
0.013, 1.461e-7
0.012, 1.523e-7
0.011, 1.510e-7
0.010, 1.449e-7
0.009, 1.447e-7
0.008, 1.527e-7
0.007, 1.493e-7
0.006, 1.485e-7
0.005, 1.503e-7
0.004, 1.473e-7
0.003, 1.490e-7
0.002, 1.454e-7
0.001, 1.485e-7
0.000, 1.479e-7
-0.001, 1.497e-7
-0.002, 1.414e-7
-0.003, 1.509e-7
-0.004, 1.467e-7
-0.005, 1.453e-7
-0.006, 1.465e-7
-0.007, 1.446e-7
-0.008, 1.503e-7
-0.009, 1.511e-7
-0.010, 1.521e-7
-0.011, 1.505e-7
-0.012, 1.604e-7
-0.013, 1.603e-7
-0.014, 1.606e-7
-0.015, 1.617e-7
-0.016, 1.571e-7
-0.017, 1.533e-7
-0.018, 1.585e-7
-0.019, 1.593e-7
-0.020, 1.578e-7
-0.021, 1.566e-7
-0.022, 1.546e-7
-0.023, 1.608e-7
-0.024, 1.608e-7
-0.025, 1.592e-7
-0.026, 1.601e-7
-0.027, 1.574e-7
-0.028, 1.587e-7
-0.029, 1.577e-7
-0.030, 1.532e-7
-0.031, 1.587e-7
-0.032, 1.623e-7
-0.033, 1.621e-7
-0.034, 1.621e-7
-0.035, 1.646e-7
-0.036, 1.623e-7
-0.037, 1.638e-7
-0.038, 1.669e-7
-0.039, 1.610e-7
-0.040, 1.701e-7
-0.041, 1.727e-7
-0.042, 1.655e-7
-0.043, 1.636e-7
-0.044, 1.685e-7
-0.045, 1.668e-7
-0.046, 1.680e-7
-0.047, 1.640e-7
-0.048, 1.688e-7
-0.049, 1.650e-7
-0.050, 1.723e-7
