-0.049, 3.168e-8
-0.048, -4.215e-8
-0.047, -4.706e-8
-0.046, -4.932e-8
-0.045, -5.222e-8
-0.044, -5.139e-8
-0.043, -5.465e-8
-0.042, -5.555e-8
-0.041, -5.466e-8
-0.040, -5.731e-8
-0.039, -5.790e-8
-0.038, -5.646e-8
-0.037, -5.978e-8
-0.036, -6.119e-8
-0.035, -5.915e-8
-0.034, -6.193e-8
-0.033, -6.256e-8
-0.032, -6.084e-8
-0.031, -6.424e-8
-0.030, -6.345e-8
-0.029, -6.340e-8
-0.028, -6.298e-8
-0.027, -6.508e-8
-0.026, -6.557e-8
-0.025, -6.571e-8
-0.024, -6.504e-8
-0.023, -6.733e-8
-0.022, -6.581e-8
-0.021, -6.568e-8
-0.020, -6.829e-8
-0.019, -6.678e-8
-0.018, -6.774e-8
-0.017, -6.742e-8
-0.016, -6.651e-8
-0.015, -6.938e-8
-0.014, -6.919e-8
-0.013, -6.928e-8
-0.012, -6.990e-8
-0.011, -7.023e-8
-0.010, -7.058e-8
-0.009, -7.046e-8
-0.008, -6.913e-8
-0.007, -7.185e-8
-0.006, -7.106e-8
-0.005, -7.169e-8
-0.004, -7.206e-8
-0.003, -7.259e-8
-0.002, -7.310e-8
-0.001, -7.267e-8
-0.000, -7.287e-8
0.001, -5.898e-8
0.002, -6.992e-8
0.003, -7.113e-8
0.004, -7.029e-8
0.005, -7.167e-8
0.006, -7.198e-8
0.007, -7.165e-8
0.008, -7.134e-8
0.009, -7.249e-8
0.010, -7.267e-8
0.011, -7.227e-8
0.012, -7.254e-8
0.013, -7.310e-8
0.014, -7.248e-8
0.015, -7.345e-8
0.016, -7.518e-8
0.017, -7.336e-8
0.018, -7.322e-8
0.019, -7.416e-8
0.020, -7.365e-8
0.021, -7.454e-8
0.022, -7.360e-8
0.023, -7.253e-8
0.024, -7.619e-8
0.025, -7.299e-8
0.026, -7.434e-8
0.027, -7.379e-8
0.028, -7.493e-8
0.029, -7.443e-8
0.030, -7.417e-8
0.031, -7.475e-8
0.032, -7.455e-8
0.033, -7.535e-8
0.034, -7.260e-8
0.035, -7.613e-8
0.036, -7.312e-8
0.037, -7.537e-8
0.038, -7.461e-8
0.039, -7.423e-8
0.040, -7.436e-8
0.041, -7.467e-8
0.042, -7.606e-8
0.043, -7.511e-8
0.044, -7.485e-8
0.045, -7.436e-8
0.046, -7.649e-8
0.047, -7.274e-8
0.048, -7.477e-8
0.049, -7.540e-8
0.050, -7.575e-8
0.051, -7.503e-8
0.052, -7.672e-8
0.053, -7.526e-8
0.054, -7.564e-8
0.055, -7.590e-8
0.056, -7.621e-8
0.057, -7.426e-8
0.058, -7.847e-8
0.059, -7.496e-8
0.060, -7.437e-8
0.061, -7.738e-8
0.062, -7.494e-8
0.063, -7.649e-8
0.064, -7.658e-8
0.065, -6.571e-8
0.066, -7.336e-8
0.067, -7.483e-8
0.068, -7.471e-8
0.069, -7.522e-8
0.070, -7.639e-8
0.071, -7.411e-8
0.072, -7.600e-8
0.073, -7.641e-8
0.074, -7.579e-8
0.075, -7.356e-8
0.076, -7.607e-8
0.077, -7.524e-8
0.078, -7.683e-8
0.079, -7.614e-8
0.080, -7.557e-8
0.081, -7.631e-8
0.082, -7.531e-8
0.083, -7.684e-8
0.084, -7.557e-8
0.085, -7.698e-8
0.086, -7.736e-8
0.087, -7.897e-8
0.088, -7.609e-8
0.089, -7.695e-8
0.090, -7.687e-8
0.091, -7.594e-8
0.092, -7.722e-8
0.093, -7.661e-8
0.094, -7.723e-8
0.095, -7.762e-8
0.096, -7.659e-8
0.097, -7.594e-8
0.098, -7.692e-8
0.099, -7.785e-8
0.100, -7.749e-8
0.101, -7.666e-8
0.102, -7.822e-8
0.103, -7.789e-8
0.104, -7.690e-8
0.105, -7.853e-8
0.106, -7.562e-8
0.107, -7.753e-8
0.108, -7.637e-8
0.109, -7.794e-8
0.110, -7.781e-8
0.111, -7.792e-8
0.112, -7.662e-8
0.113, -7.837e-8
0.114, -7.728e-8
0.115, -7.738e-8
0.116, -7.773e-8
0.117, -7.721e-8
0.118, -7.807e-8
0.119, -7.746e-8
0.120, -7.919e-8
0.121, -7.802e-8
0.122, -7.750e-8
0.123, -7.923e-8
0.124, -7.828e-8
0.125, -7.838e-8
0.126, -7.952e-8
0.127, -7.839e-8
0.128, -8.067e-8
0.129, -6.526e-8
0.130, -7.806e-8
0.131, -7.633e-8
0.132, -7.816e-8
0.133, -7.856e-8
0.134, -7.673e-8
0.135, -7.867e-8
0.136, -7.827e-8
0.137, -7.904e-8
0.138, -7.887e-8
0.139, -7.888e-8
0.140, -7.881e-8
0.141, -7.939e-8
0.142, -7.877e-8
0.143, -7.893e-8
0.144, -8.083e-8
0.145, -8.064e-8
0.146, -7.885e-8
0.147, -7.994e-8
0.148, -7.958e-8
0.149, -8.107e-8
0.150, -8.184e-8
0.151, -8.088e-8
0.152, -8.156e-8
0.153, -8.065e-8
0.154, -8.232e-8
0.155, -8.249e-8
0.156, -8.141e-8
0.157, -8.055e-8
0.158, -8.216e-8
0.159, -8.422e-8
0.160, -8.246e-8
0.161, -8.375e-8
0.162, -8.277e-8
0.163, -8.539e-8
0.164, -8.488e-8
0.165, -8.350e-8
0.166, -8.465e-8
0.167, -8.448e-8
0.168, -8.473e-8
0.169, -8.706e-8
0.170, -8.373e-8
0.171, -8.742e-8
0.172, -8.634e-8
0.173, -8.415e-8
0.174, -8.780e-8
0.175, -8.804e-8
0.176, -8.887e-8
0.177, -8.890e-8
0.178, -8.889e-8
0.179, -8.986e-8
0.180, -8.965e-8
0.181, -9.154e-8
0.182, -9.091e-8
0.183, -9.178e-8
0.184, -9.231e-8
0.185, -9.318e-8
0.186, -9.317e-8
0.187, -9.419e-8
0.188, -9.416e-8
0.189, -9.405e-8
0.190, -9.574e-8
0.191, -9.575e-8
0.192, -9.798e-8
0.193, -8.598e-8
0.194, -9.562e-8
0.195, -9.523e-8
0.196, -9.632e-8
0.197, -9.720e-8
0.198, -9.682e-8
0.199, -9.821e-8
0.200, -1.003e-7
0.201, -9.787e-8
0.202, -1.001e-7
0.203, -9.933e-8
0.204, -1.018e-7
0.205, -1.014e-7
0.206, -1.013e-7
0.207, -1.047e-7
0.208, -1.028e-7
0.209, -1.042e-7
0.210, -1.036e-7
0.211, -1.038e-7
0.212, -1.055e-7
0.213, -1.045e-7
0.214, -1.053e-7
0.215, -1.063e-7
0.216, -1.084e-7
0.217, -1.077e-7
0.218, -1.078e-7
0.219, -1.066e-7
0.220, -1.084e-7
0.221, -1.094e-7
0.222, -1.094e-7
0.223, -1.100e-7
0.224, -1.087e-7
0.225, -1.112e-7
0.226, -1.099e-7
0.227, -1.110e-7
0.228, -1.107e-7
0.229, -1.108e-7
0.230, -1.116e-7
0.231, -1.113e-7
0.232, -1.126e-7
0.233, -1.115e-7
0.234, -1.134e-7
0.235, -1.125e-7
0.236, -1.136e-7
0.237, -1.133e-7
0.238, -1.147e-7
0.239, -1.126e-7
0.240, -1.138e-7
0.241, -1.145e-7
0.242, -1.145e-7
0.243, -1.130e-7
0.244, -1.154e-7
0.245, -1.157e-7
0.246, -1.119e-7
0.247, -1.156e-7
0.248, -1.154e-7
0.249, -1.167e-7
0.250, -1.185e-7
0.251, -1.136e-7
0.252, -1.150e-7
0.253, -1.182e-7
0.254, -1.165e-7
0.255, -1.164e-7
0.256, -1.185e-7
0.257, -1.041e-7
0.258, -1.150e-7
0.259, -1.164e-7
0.260, -1.165e-7
0.261, -1.159e-7
0.262, -1.173e-7
0.263, -1.165e-7
0.264, -1.175e-7
0.265, -1.183e-7
0.266, -1.170e-7
0.267, -1.176e-7
0.268, -1.190e-7
0.269, -1.186e-7
0.270, -1.216e-7
0.271, -1.179e-7
0.272, -1.190e-7
0.273, -1.188e-7
0.274, -1.193e-7
0.275, -1.200e-7
0.276, -1.195e-7
0.277, -1.211e-7
0.278, -1.205e-7
0.279, -1.186e-7
0.280, -1.210e-7
0.281, -1.200e-7
0.282, -1.204e-7
0.283, -1.209e-7
0.284, -1.211e-7
0.285, -1.206e-7
0.286, -1.220e-7
0.287, -1.204e-7
0.288, -1.216e-7
0.289, -1.230e-7
0.290, -1.206e-7
0.291, -1.228e-7
0.292, -1.219e-7
0.293, -1.229e-7
0.294, -1.220e-7
0.295, -1.236e-7
0.296, -1.230e-7
0.297, -1.232e-7
0.298, -1.231e-7
0.299, -1.228e-7
0.300, -1.247e-7
0.301, -1.247e-7
0.302, -1.243e-7
0.303, -1.246e-7
0.304, -1.245e-7
0.305, -1.253e-7
0.306, -1.257e-7
0.307, -1.257e-7
0.308, -1.249e-7
0.309, -1.255e-7
0.310, -1.281e-7
0.311, -1.275e-7
0.312, -1.261e-7
0.313, -1.310e-7
0.314, -1.262e-7
0.315, -1.277e-7
0.316, -1.254e-7
0.317, -1.289e-7
0.318, -1.282e-7
0.319, -1.308e-7
0.320, -1.311e-7
0.321, -1.160e-7
0.322, -1.282e-7
0.323, -1.318e-7
0.324, -1.287e-7
0.325, -1.305e-7
0.326, -1.302e-7
0.327, -1.304e-7
0.328, -1.314e-7
0.329, -1.301e-7
0.330, -1.317e-7
0.331, -1.317e-7
0.332, -1.317e-7
0.333, -1.341e-7
0.334, -1.321e-7
0.335, -1.332e-7
0.336, -1.346e-7
0.337, -1.329e-7
0.338, -1.346e-7
0.339, -1.349e-7
0.340, -1.339e-7
0.341, -1.362e-7
0.342, -1.349e-7
0.343, -1.368e-7
0.344, -1.355e-7
0.345, -1.386e-7
0.346, -1.367e-7
0.347, -1.376e-7
0.348, -1.385e-7
0.349, -1.381e-7
0.350, -1.399e-7
0.351, -1.390e-7
0.352, -1.389e-7
0.353, -1.395e-7
0.354, -1.413e-7
0.355, -1.399e-7
0.356, -1.410e-7
0.357, -1.424e-7
0.358, -1.424e-7
0.359, -1.415e-7
0.360, -1.432e-7
0.361, -1.435e-7
0.362, -1.427e-7
0.363, -1.449e-7
0.364, -1.446e-7
0.365, -1.443e-7
0.366, -1.454e-7
0.367, -1.458e-7
0.368, -1.459e-7
0.369, -1.475e-7
0.370, -1.487e-7
0.371, -1.473e-7
0.372, -1.475e-7
0.373, -1.501e-7
0.374, -1.498e-7
0.375, -1.497e-7
0.376, -1.516e-7
0.377, -1.505e-7
0.378, -1.516e-7
0.379, -1.530e-7
0.380, -1.521e-7
0.381, -1.543e-7
0.382, -1.542e-7
0.383, -1.541e-7
0.384, -1.563e-7
0.385, -1.406e-7
0.386, -1.522e-7
0.387, -1.539e-7
0.388, -1.570e-7
0.389, -1.544e-7
0.390, -1.564e-7
0.391, -1.579e-7
0.392, -1.572e-7
0.393, -1.581e-7
0.394, -1.582e-7
0.395, -1.595e-7
0.396, -1.596e-7
0.397, -1.607e-7
0.398, -1.622e-7
0.399, -1.627e-7
0.400, -1.612e-7
0.401, -1.658e-7
0.402, -1.622e-7
0.403, -1.653e-7
0.404, -1.656e-7
0.405, -1.654e-7
0.406, -1.666e-7
0.407, -1.689e-7
0.408, -1.655e-7
0.409, -1.698e-7
0.410, -1.695e-7
0.411, -1.716e-7
0.412, -1.704e-7
0.413, -1.722e-7
0.414, -1.719e-7
0.415, -1.729e-7
0.416, -1.748e-7
0.417, -1.732e-7
0.418, -1.770e-7
0.419, -1.758e-7
0.420, -1.768e-7
0.421, -1.777e-7
0.422, -1.794e-7
0.423, -1.784e-7
0.424, -1.816e-7
0.425, -1.821e-7
0.426, -1.827e-7
0.427, -1.822e-7
0.428, -1.848e-7
0.429, -1.872e-7
0.430, -1.864e-7
0.431, -1.848e-7
0.432, -1.896e-7
0.433, -1.902e-7
0.434, -1.907e-7
0.435, -1.921e-7
0.436, -1.931e-7
0.437, -1.948e-7
0.438, -1.953e-7
0.439, -1.958e-7
0.440, -1.975e-7
0.441, -2.001e-7
0.442, -1.987e-7
0.443, -2.021e-7
0.444, -2.020e-7
0.445, -2.044e-7
0.446, -2.071e-7
0.447, -2.068e-7
0.448, -2.080e-7
0.449, -1.932e-7
0.450, -2.073e-7
0.449, -2.094e-7
0.448, -5.417e-8
0.447, -4.231e-8
0.446, -4.571e-8
0.445, -2.760e-8
0.444, -2.071e-8
0.443, -1.646e-8
0.442, -1.346e-8
0.441, -8.388e-9
0.440, -4.389e-9
0.439, -3.628e-10
0.438, 2.711e-9
0.437, 4.332e-9
0.436, 9.532e-9
0.435, 1.018e-8
0.434, 1.283e-8
0.433, 1.578e-8
0.432, 1.789e-8
0.431, 1.919e-8
0.430, 2.243e-8
0.429, 2.022e-8
0.428, 2.458e-8
0.427, 2.698e-8
0.426, 2.886e-8
0.425, 3.067e-8
0.424, 3.138e-8
0.423, 3.293e-8
0.422, 3.475e-8
0.421, 3.420e-8
0.420, 3.728e-8
0.419, 3.843e-8
0.418, 3.904e-8
0.417, 3.974e-8
0.416, 4.353e-8
0.415, 4.224e-8
0.414, 4.495e-8
0.413, 4.285e-8
0.412, 4.642e-8
0.411, 4.647e-8
0.410, 4.910e-8
0.409, 4.969e-8
0.408, 4.830e-8
0.407, 5.090e-8
0.406, 4.937e-8
0.405, 5.256e-8
0.404, 5.191e-8
0.403, 5.182e-8
0.402, 5.374e-8
0.401, 5.445e-8
0.400, 5.376e-8
0.399, 5.476e-8
0.398, 5.621e-8
0.397, 5.702e-8
0.396, 5.488e-8
0.395, 5.889e-8
0.394, 5.712e-8
0.393, 5.734e-8
0.392, 5.835e-8
0.391, 5.867e-8
0.390, 5.897e-8
0.389, 6.061e-8
0.388, 5.873e-8
0.387, 6.071e-8
0.386, 6.038e-8
0.385, 6.145e-8
0.384, 6.041e-8
0.383, 6.252e-8
0.382, 4.925e-8
0.381, 6.285e-8
0.380, 6.483e-8
0.379, 6.617e-8
0.378, 6.478e-8
0.377, 6.554e-8
0.376, 6.451e-8
0.375, 6.719e-8
0.374, 6.624e-8
0.373, 6.694e-8
0.372, 6.599e-8
0.371, 6.687e-8
0.370, 6.723e-8
0.369, 6.823e-8
0.368, 6.770e-8
0.367, 6.798e-8
0.366, 6.946e-8
0.365, 6.747e-8
0.364, 6.767e-8
0.363, 7.012e-8
0.362, 6.877e-8
0.361, 6.973e-8
0.360, 7.054e-8
0.359, 6.953e-8
0.358, 6.993e-8
0.357, 7.084e-8
0.356, 7.069e-8
0.355, 6.930e-8
0.354, 7.201e-8
0.353, 7.146e-8
0.352, 7.114e-8
0.351, 7.133e-8
0.350, 7.237e-8
0.349, 7.191e-8
0.348, 7.407e-8
0.347, 7.118e-8
0.346, 7.314e-8
0.345, 7.210e-8
0.344, 7.314e-8
0.343, 7.234e-8
0.342, 7.382e-8
0.341, 7.333e-8
0.340, 7.434e-8
0.339, 7.161e-8
0.338, 7.473e-8
0.337, 7.236e-8
0.336, 7.430e-8
0.335, 7.386e-8
0.334, 7.428e-8
0.333, 7.506e-8
0.332, 7.483e-8
0.331, 7.549e-8
0.330, 7.285e-8
0.329, 7.590e-8
0.328, 7.371e-8
0.327, 7.365e-8
0.326, 7.646e-8
0.325, 7.443e-8
0.324, 7.413e-8
0.323, 7.728e-8
0.322, 7.359e-8
0.321, 7.494e-8
0.320, 7.417e-8
0.319, 7.409e-8
0.318, 6.344e-8
0.317, 7.787e-8
0.316, 7.709e-8
0.315, 7.654e-8
0.314, 7.548e-8
0.313, 7.497e-8
0.312, 7.627e-8
0.311, 7.766e-8
0.310, 7.578e-8
0.309, 7.600e-8
0.308, 7.633e-8
0.307, 7.641e-8
0.306, 7.633e-8
0.305, 7.707e-8
0.304, 7.771e-8
0.303, 7.786e-8
0.302, 7.794e-8
0.301, 7.615e-8
0.300, 7.648e-8
0.299, 7.827e-8
0.298, 7.654e-8
0.297, 7.655e-8
0.296, 7.549e-8
0.295, 7.686e-8
0.294, 7.866e-8
0.293, 7.648e-8
0.292, 7.771e-8
0.291, 7.677e-8
0.290, 7.813e-8
0.289, 7.691e-8
0.288, 7.871e-8
0.287, 7.756e-8
0.286, 7.850e-8
0.285, 7.784e-8
0.284, 7.693e-8
0.283, 7.803e-8
0.282, 7.928e-8
0.281, 8.090e-8
0.280, 7.726e-8
0.279, 8.030e-8
0.278, 7.804e-8
0.277, 7.982e-8
0.276, 7.904e-8
0.275, 7.827e-8
0.274, 7.891e-8
0.273, 7.869e-8
0.272, 7.973e-8
0.271, 7.879e-8
0.270, 8.010e-8
0.269, 7.732e-8
0.268, 7.769e-8
0.267, 8.031e-8
0.266, 7.893e-8
0.265, 7.873e-8
0.264, 7.974e-8
0.263, 7.884e-8
0.262, 7.988e-8
0.261, 7.979e-8
0.260, 7.854e-8
0.259, 7.990e-8
0.258, 7.906e-8
0.257, 7.848e-8
0.256, 7.979e-8
0.255, 7.858e-8
0.254, 6.771e-8
0.253, 8.126e-8
0.252, 8.184e-8
0.251, 8.056e-8
0.250, 7.979e-8
0.249, 8.148e-8
0.248, 8.122e-8
0.247, 8.105e-8
0.246, 7.993e-8
0.245, 8.070e-8
0.244, 8.085e-8
0.243, 8.179e-8
0.242, 7.973e-8
0.241, 8.162e-8
0.240, 8.145e-8
0.239, 8.080e-8
0.238, 8.173e-8
0.237, 7.968e-8
0.236, 8.050e-8
0.235, 8.115e-8
0.234, 8.155e-8
0.233, 8.247e-8
0.232, 8.168e-8
0.231, 8.161e-8
0.230, 8.212e-8
0.229, 8.052e-8
0.228, 8.265e-8
0.227, 8.185e-8
0.226, 8.222e-8
0.225, 8.134e-8
0.224, 8.223e-8
0.223, 8.249e-8
0.222, 8.246e-8
0.221, 8.555e-8
0.220, 8.292e-8
0.219, 8.220e-8
0.218, 8.298e-8
0.217, 8.321e-8
0.216, 8.237e-8
0.215, 8.277e-8
0.214, 8.385e-8
0.213, 8.330e-8
0.212, 8.397e-8
0.211, 8.397e-8
0.210, 8.209e-8
0.209, 8.557e-8
0.208, 8.217e-8
0.207, 8.309e-8
0.206, 8.471e-8
0.205, 8.090e-8
0.204, 8.519e-8
0.203, 8.307e-8
0.202, 8.354e-8
0.201, 8.512e-8
0.200, 8.358e-8
0.199, 8.440e-8
0.198, 8.428e-8
0.197, 8.357e-8
0.196, 8.325e-8
0.195, 8.403e-8
0.194, 8.523e-8
0.193, 8.319e-8
0.192, 8.426e-8
0.191, 8.279e-8
0.190, 7.454e-8
0.189, 8.494e-8
0.188, 8.589e-8
0.187, 8.609e-8
0.186, 8.716e-8
0.185, 8.501e-8
0.184, 8.545e-8
0.183, 8.825e-8
0.182, 8.516e-8
0.181, 8.637e-8
0.180, 8.604e-8
0.179, 8.508e-8
0.178, 8.764e-8
0.177, 8.717e-8
0.176, 8.751e-8
0.175, 8.608e-8
0.174, 8.835e-8
0.173, 8.697e-8
0.172, 8.614e-8
0.171, 8.623e-8
0.170, 8.711e-8
0.169, 8.728e-8
0.168, 8.764e-8
0.167, 8.671e-8
0.166, 8.680e-8
0.165, 8.805e-8
0.164, 8.745e-8
0.163, 8.741e-8
0.162, 8.738e-8
0.161, 8.757e-8
0.160, 8.730e-8
0.159, 8.667e-8
0.158, 8.981e-8
0.157, 8.655e-8
0.156, 8.846e-8
0.155, 8.859e-8
0.154, 8.758e-8
0.153, 8.824e-8
0.152, 8.763e-8
0.151, 8.869e-8
0.150, 9.019e-8
0.149, 8.901e-8
0.148, 8.843e-8
0.147, 8.748e-8
0.146, 8.916e-8
0.145, 8.972e-8
0.144, 8.874e-8
0.143, 8.900e-8
0.142, 8.866e-8
0.141, 8.880e-8
0.140, 8.798e-8
0.139, 8.959e-8
0.138, 8.951e-8
0.137, 8.853e-8
0.136, 8.966e-8
0.135, 8.925e-8
0.134, 8.887e-8
0.133, 8.867e-8
0.132, 9.026e-8
0.131, 8.802e-8
0.130, 8.856e-8
0.129, 9.002e-8
0.128, 8.836e-8
0.127, 8.889e-8
0.126, 7.826e-8
0.125, 9.053e-8
0.124, 9.007e-8
0.123, 9.232e-8
0.122, 9.117e-8
0.121, 9.102e-8
0.120, 9.016e-8
0.119, 9.035e-8
0.118, 9.072e-8
0.117, 8.916e-8
0.116, 9.092e-8
0.115, 9.103e-8
0.114, 9.267e-8
0.113, 8.963e-8
0.112, 9.050e-8
0.111, 9.038e-8
0.110, 9.202e-8
0.109, 9.186e-8
0.108, 9.200e-8
0.107, 9.005e-8
0.106, 9.172e-8
0.105, 9.379e-8
0.104, 9.119e-8
0.103, 9.075e-8
0.102, 9.220e-8
0.101, 9.232e-8
0.100, 9.163e-8
0.099, 9.152e-8
0.098, 9.261e-8
0.097, 9.211e-8
0.096, 9.184e-8
0.095, 9.274e-8
0.094, 9.242e-8
0.093, 9.238e-8
0.092, 9.148e-8
0.091, 9.389e-8
0.090, 9.249e-8
0.089, 9.319e-8
0.088, 9.082e-8
0.087, 9.492e-8
0.086, 9.327e-8
0.085, 9.355e-8
0.084, 9.298e-8
0.083, 9.388e-8
0.082, 9.293e-8
0.081, 9.259e-8
0.080, 9.521e-8
0.079, 9.273e-8
0.078, 9.389e-8
0.077, 9.424e-8
0.076, 9.500e-8
0.075, 9.326e-8
0.074, 9.368e-8
0.073, 9.458e-8
0.072, 9.551e-8
0.071, 9.496e-8
0.070, 9.491e-8
0.069, 9.331e-8
0.068, 9.365e-8
0.067, 9.458e-8
0.066, 9.434e-8
0.065, 9.508e-8
0.064, 9.519e-8
0.063, 9.432e-8
0.062, 8.555e-8
0.061, 9.604e-8
0.060, 9.694e-8
0.059, 9.617e-8
0.058, 9.604e-8
0.057, 9.603e-8
0.056, 9.671e-8
0.055, 9.672e-8
0.054, 9.650e-8
0.053, 9.670e-8
0.052, 9.575e-8
0.051, 9.814e-8
0.050, 9.615e-8
0.049, 9.805e-8
0.048, 9.731e-8
0.047, 9.626e-8
0.046, 9.896e-8
0.045, 9.674e-8
0.044, 9.746e-8
0.043, 9.754e-8
0.042, 9.833e-8
0.041, 9.818e-8
0.040, 9.819e-8
0.039, 9.865e-8
0.038, 9.899e-8
0.037, 9.999e-8
0.036, 9.946e-8
0.035, 9.889e-8
0.034, 9.969e-8
0.033, 9.907e-8
0.032, 1.001e-7
0.031, 9.984e-8
0.030, 9.981e-8
0.029, 9.957e-8
0.028, 1.021e-7
0.027, 9.980e-8
0.026, 1.007e-7
0.025, 1.009e-7
0.024, 1.012e-7
0.023, 1.003e-7
0.022, 1.031e-7
0.021, 1.010e-7
0.020, 1.031e-7
0.019, 1.003e-7
0.018, 1.021e-7
0.017, 1.037e-7
0.016, 1.010e-7
0.015, 1.010e-7
0.014, 1.044e-7
0.013, 1.022e-7
0.012, 1.018e-7
0.011, 1.047e-7
0.010, 1.037e-7
0.009, 1.041e-7
0.008, 1.039e-7
0.007, 1.047e-7
0.006, 1.057e-7
0.005, 1.044e-7
0.004, 1.041e-7
0.003, 1.050e-7
0.002, 1.044e-7
0.001, 1.042e-7
0.000, 1.067e-7
-0.001, 1.048e-7
-0.002, 9.435e-8
-0.003, 1.071e-7
-0.004, 1.070e-7
-0.005, 1.073e-7
-0.006, 1.073e-7
-0.007, 1.059e-7
-0.008, 1.057e-7
-0.009, 1.090e-7
-0.010, 1.077e-7
-0.011, 1.075e-7
-0.012, 1.104e-7
-0.013, 1.073e-7
-0.014, 1.099e-7
-0.015, 1.096e-7
-0.016, 1.102e-7
-0.017, 1.104e-7
-0.018, 1.104e-7
-0.019, 1.098e-7
-0.020, 1.102e-7
-0.021, 1.115e-7
-0.022, 1.105e-7
-0.023, 1.123e-7
-0.024, 1.120e-7
-0.025, 1.126e-7
-0.026, 1.131e-7
-0.027, 1.109e-7
-0.028, 1.142e-7
-0.029, 1.130e-7
-0.030, 1.134e-7
-0.031, 1.131e-7
-0.032, 1.143e-7
-0.033, 1.134e-7
-0.034, 1.154e-7
-0.035, 1.149e-7
-0.036, 1.152e-7
-0.037, 1.149e-7
-0.038, 1.160e-7
-0.039, 1.153e-7
-0.040, 1.161e-7
-0.041, 1.174e-7
-0.042, 1.154e-7
-0.043, 1.187e-7
-0.044, 1.172e-7
-0.045, 1.188e-7
-0.046, 1.174e-7
-0.047, 1.193e-7
-0.048, 1.196e-7
-0.049, 1.182e-7
-0.050, 1.202e-7
