-0.049, -2.179e-6
-0.048, -6.729e-6
-0.047, -1.298e-5
-0.046, -1.891e-5
-0.045, -2.404e-5
-0.044, -2.479e-5
-0.043, -2.479e-5
-0.042, -2.479e-5
-0.041, -2.479e-5
-0.040, -2.479e-5
-0.039, -2.479e-5
-0.038, -2.479e-5
-0.037, -2.479e-5
-0.036, -2.479e-5
-0.035, -2.479e-5
-0.034, -2.479e-5
-0.033, -2.479e-5
-0.032, -2.479e-5
-0.031, -2.479e-5
-0.030, -2.479e-5
-0.029, -2.479e-5
-0.028, -2.479e-5
-0.027, -2.479e-5
-0.026, -2.479e-5
-0.025, -2.479e-5
-0.024, -2.479e-5
-0.023, -2.479e-5
-0.022, -2.479e-5
-0.021, -2.479e-5
-0.020, -2.479e-5
-0.019, -2.479e-5
-0.018, -2.479e-5
-0.017, -2.479e-5
-0.016, -2.479e-5
-0.015, -2.479e-5
-0.014, -2.479e-5
-0.013, -2.479e-5
-0.012, -2.479e-5
-0.011, -2.479e-5
-0.010, -2.479e-5
-0.009, -2.479e-5
-0.008, -2.479e-5
-0.007, -2.479e-5
-0.006, -2.479e-5
-0.005, -2.479e-5
-0.004, -2.479e-5
-0.003, -2.479e-5
-0.002, -2.479e-5
-0.001, -2.479e-5
-0.000, -2.479e-5
0.001, -2.479e-5
0.002, -2.479e-5
0.003, -2.479e-5
0.004, -2.479e-5
0.005, -2.479e-5
0.006, -2.479e-5
0.007, -2.479e-5
0.008, -2.479e-5
0.009, -2.479e-5
0.010, -2.479e-5
0.011, -2.479e-5
0.012, -2.479e-5
0.013, -2.479e-5
0.014, -2.479e-5
0.015, -2.479e-5
0.016, -2.479e-5
0.017, -2.479e-5
0.018, -2.479e-5
0.019, -2.479e-5
0.020, -2.479e-5
0.021, -2.479e-5
0.022, -2.479e-5
0.023, -2.479e-5
0.024, -2.479e-5
0.025, -2.479e-5
0.026, -2.479e-5
0.027, -2.479e-5
0.028, -2.479e-5
0.029, -2.479e-5
0.030, -2.479e-5
0.031, -2.479e-5
0.032, -2.479e-5
0.033, -2.479e-5
0.034, -2.479e-5
0.035, -2.479e-5
0.036, -2.479e-5
0.037, -2.479e-5
0.038, -2.479e-5
0.039, -2.479e-5
0.040, -2.479e-5
0.041, -2.479e-5
0.042, -2.479e-5
0.043, -2.479e-5
0.044, -2.479e-5
0.045, -2.479e-5
0.046, -2.479e-5
0.047, -2.479e-5
0.048, -2.479e-5
0.049, -2.479e-5
0.050, -2.479e-5
0.051, -2.479e-5
0.052, -2.479e-5
0.053, -2.479e-5
0.054, -2.479e-5
0.055, -2.479e-5
0.056, -2.479e-5
0.057, -2.479e-5
0.058, -2.479e-5
0.059, -2.479e-5
0.060, -2.479e-5
0.061, -2.479e-5
0.062, -2.479e-5
0.063, -2.479e-5
0.064, -2.479e-5
0.065, -2.479e-5
0.066, -2.479e-5
0.067, -2.479e-5
0.068, -2.479e-5
0.069, -2.479e-5
0.070, -2.479e-5
0.071, -2.479e-5
0.072, -2.479e-5
0.073, -2.479e-5
0.074, -2.479e-5
0.075, -2.479e-5
0.076, -2.479e-5
0.077, -2.479e-5
0.078, -2.479e-5
0.079, -2.479e-5
0.080, -2.479e-5
0.081, -2.479e-5
0.082, -2.479e-5
0.083, -2.479e-5
0.084, -2.479e-5
0.085, -2.479e-5
0.086, -2.479e-5
0.087, -2.479e-5
0.088, -2.479e-5
0.089, -2.479e-5
0.090, -2.479e-5
0.091, -2.479e-5
0.092, -2.479e-5
0.093, -2.479e-5
0.094, -2.479e-5
0.095, -2.479e-5
0.096, -2.479e-5
0.097, -2.479e-5
0.098, -2.479e-5
0.099, -2.479e-5
0.100, -2.479e-5
0.101, -2.479e-5
0.102, -2.479e-5
0.103, -2.479e-5
0.104, -2.479e-5
0.105, -2.479e-5
0.106, -2.479e-5
0.107, -2.479e-5
0.108, -2.479e-5
0.109, -2.479e-5
0.110, -2.479e-5
0.111, -2.479e-5
0.112, -2.479e-5
0.113, -2.479e-5
0.114, -2.479e-5
0.115, -2.479e-5
0.116, -2.479e-5
0.117, -2.479e-5
0.118, -2.479e-5
0.119, -2.479e-5
0.120, -2.479e-5
0.121, -2.479e-5
0.122, -2.479e-5
0.123, -2.479e-5
0.124, -2.479e-5
0.125, -2.479e-5
0.126, -2.479e-5
0.127, -2.479e-5
0.128, -2.479e-5
0.129, -2.479e-5
0.130, -2.479e-5
0.131, -2.479e-5
0.132, -2.479e-5
0.133, -2.479e-5
0.134, -2.479e-5
0.135, -2.479e-5
0.136, -2.479e-5
0.137, -2.479e-5
0.138, -2.479e-5
0.139, -2.479e-5
0.140, -2.479e-5
0.141, -2.479e-5
0.142, -2.479e-5
0.143, -2.479e-5
0.144, -2.479e-5
0.145, -2.479e-5
0.146, -2.479e-5
0.147, -2.479e-5
0.148, -2.479e-5
0.149, -2.479e-5
0.150, -2.479e-5
0.151, -2.479e-5
0.152, -2.479e-5
0.153, -2.479e-5
0.154, -2.479e-5
0.155, -2.479e-5
0.156, -2.479e-5
0.157, -2.479e-5
0.158, -2.479e-5
0.159, -2.479e-5
0.160, -2.479e-5
0.161, -2.479e-5
0.162, -2.479e-5
0.163, -2.479e-5
0.164, -2.479e-5
0.165, -2.479e-5
0.166, -2.479e-5
0.167, -2.479e-5
0.168, -2.479e-5
0.169, -2.479e-5
0.170, -2.479e-5
0.171, -2.479e-5
0.172, -2.479e-5
0.173, -2.479e-5
0.174, -2.479e-5
0.175, -2.479e-5
0.176, -2.479e-5
0.177, -2.479e-5
0.178, -2.479e-5
0.179, -2.479e-5
0.180, -2.479e-5
0.181, -2.479e-5
0.182, -2.479e-5
0.183, -2.479e-5
0.184, -2.479e-5
0.185, -2.479e-5
0.186, -2.479e-5
0.187, -2.479e-5
0.188, -2.479e-5
0.189, -2.479e-5
0.190, -2.479e-5
0.191, -2.479e-5
0.192, -2.479e-5
0.193, -2.479e-5
0.194, -2.479e-5
0.195, -2.479e-5
0.196, -2.479e-5
0.197, -2.479e-5
0.198, -2.479e-5
0.199, -2.479e-5
0.200, -2.479e-5
0.201, -2.479e-5
0.202, -2.479e-5
0.203, -2.479e-5
0.204, -2.479e-5
0.205, -2.479e-5
0.206, -2.479e-5
0.207, -2.479e-5
0.208, -2.479e-5
0.209, -2.479e-5
0.210, -2.479e-5
0.211, -2.479e-5
0.212, -2.479e-5
0.213, -2.479e-5
0.214, -2.479e-5
0.215, -2.479e-5
0.216, -2.479e-5
0.217, -2.479e-5
0.218, -2.479e-5
0.219, -2.479e-5
0.220, -2.479e-5
0.221, -2.479e-5
0.222, -2.479e-5
0.223, -2.479e-5
0.224, -2.479e-5
0.225, -2.479e-5
0.226, -2.479e-5
0.227, -2.479e-5
0.228, -2.479e-5
0.229, -2.479e-5
0.230, -2.479e-5
0.231, -2.479e-5
0.232, -2.479e-5
0.233, -2.479e-5
0.234, -2.479e-5
0.235, -2.479e-5
0.236, -2.479e-5
0.237, -2.479e-5
0.238, -2.479e-5
0.239, -2.479e-5
0.240, -2.479e-5
0.241, -2.479e-5
0.242, -2.479e-5
0.243, -2.479e-5
0.244, -2.479e-5
0.245, -2.479e-5
0.246, -2.479e-5
0.247, -2.479e-5
0.248, -2.479e-5
0.249, -2.479e-5
0.250, -2.479e-5
0.251, -2.479e-5
0.252, -2.479e-5
0.253, -2.479e-5
0.254, -2.479e-5
0.255, -2.479e-5
0.256, -2.479e-5
0.257, -2.479e-5
0.258, -2.479e-5
0.259, -2.479e-5
0.260, -2.479e-5
0.261, -2.479e-5
0.262, -2.479e-5
0.263, -2.479e-5
0.264, -2.479e-5
0.265, -2.479e-5
0.266, -2.479e-5
0.267, -2.479e-5
0.268, -2.479e-5
0.269, -2.479e-5
0.270, -2.479e-5
0.271, -2.479e-5
0.272, -2.479e-5
0.273, -2.479e-5
0.274, -2.479e-5
0.275, -2.479e-5
0.276, -2.479e-5
0.277, -2.479e-5
0.278, -2.479e-5
0.279, -2.479e-5
0.280, -2.479e-5
0.281, -2.479e-5
0.282, -2.479e-5
0.283, -2.479e-5
0.284, -2.479e-5
0.285, -2.479e-5
0.286, -2.479e-5
0.287, -2.479e-5
0.288, -2.479e-5
0.289, -2.479e-5
0.290, -2.479e-5
0.291, -2.479e-5
0.292, -2.479e-5
0.293, -2.479e-5
0.294, -2.479e-5
0.295, -2.479e-5
0.296, -2.479e-5
0.297, -2.479e-5
0.298, -2.479e-5
0.299, -2.479e-5
0.300, -2.479e-5
0.301, -2.479e-5
0.302, -2.479e-5
0.303, -2.479e-5
0.304, -2.479e-5
0.305, -2.479e-5
0.306, -2.479e-5
0.307, -2.479e-5
0.308, -2.479e-5
0.309, -2.479e-5
0.310, -2.479e-5
0.311, -2.479e-5
0.312, -2.479e-5
0.313, -2.479e-5
0.314, -2.479e-5
0.315, -2.479e-5
0.316, -2.479e-5
0.317, -2.479e-5
0.318, -2.479e-5
0.319, -2.479e-5
0.320, -2.479e-5
0.321, -2.479e-5
0.322, -2.479e-5
0.323, -2.479e-5
0.324, -2.479e-5
0.325, -2.479e-5
0.326, -2.479e-5
0.327, -2.479e-5
0.328, -2.479e-5
0.329, -2.479e-5
0.330, -2.479e-5
0.331, -2.479e-5
0.332, -2.479e-5
0.333, -2.479e-5
0.334, -2.479e-5
0.335, -2.479e-5
0.336, -2.479e-5
0.337, -2.479e-5
0.338, -2.479e-5
0.339, -2.479e-5
0.340, -2.479e-5
0.341, -2.479e-5
0.342, -2.479e-5
0.343, -2.479e-5
0.344, -2.479e-5
0.345, -2.479e-5
0.346, -2.479e-5
0.347, -2.479e-5
0.348, -2.479e-5
0.349, -2.479e-5
0.350, -2.479e-5
0.351, -2.479e-5
0.352, -2.479e-5
0.353, -2.479e-5
0.354, -2.479e-5
0.355, -2.479e-5
0.356, -2.479e-5
0.357, -2.479e-5
0.358, -2.479e-5
0.359, -2.479e-5
0.360, -2.479e-5
0.361, -2.479e-5
0.362, -2.479e-5
0.363, -2.479e-5
0.364, -2.479e-5
0.365, -2.479e-5
0.366, -2.479e-5
0.367, -2.479e-5
0.368, -2.479e-5
0.369, -2.479e-5
0.370, -2.479e-5
0.371, -2.479e-5
0.372, -2.479e-5
0.373, -2.479e-5
0.374, -2.479e-5
0.375, -2.479e-5
0.376, -2.479e-5
0.377, -2.479e-5
0.378, -2.479e-5
0.379, -2.479e-5
0.380, -2.479e-5
0.381, -2.479e-5
0.382, -2.479e-5
0.383, -2.479e-5
0.384, -2.479e-5
0.385, -2.479e-5
0.386, -2.479e-5
0.387, -2.479e-5
0.388, -2.479e-5
0.389, -2.479e-5
0.390, -2.479e-5
0.391, -2.479e-5
0.392, -2.479e-5
0.393, -2.479e-5
0.394, -2.479e-5
0.395, -2.479e-5
0.396, -2.479e-5
0.397, -2.479e-5
0.398, -2.479e-5
0.399, -2.479e-5
0.400, -2.479e-5
0.401, -2.479e-5
0.402, -2.479e-5
0.403, -2.479e-5
0.404, -2.479e-5
0.405, -2.479e-5
0.406, -2.479e-5
0.407, -2.479e-5
0.408, -2.479e-5
0.409, -2.479e-5
0.410, -2.479e-5
0.411, -2.479e-5
0.412, -2.479e-5
0.413, -2.479e-5
0.414, -2.479e-5
0.415, -2.479e-5
0.416, -2.479e-5
0.417, -2.479e-5
0.418, -2.479e-5
0.419, -2.479e-5
0.420, -2.479e-5
0.421, -2.479e-5
0.422, -2.479e-5
0.423, -2.479e-5
0.424, -2.479e-5
0.425, -2.479e-5
0.426, -2.479e-5
0.427, -2.479e-5
0.428, -2.479e-5
0.429, -2.479e-5
0.430, -2.479e-5
0.431, -2.479e-5
0.432, -2.479e-5
0.433, -2.479e-5
0.434, -2.479e-5
0.435, -2.479e-5
0.436, -2.479e-5
0.437, -2.479e-5
0.438, -2.479e-5
0.439, -2.479e-5
0.440, -2.479e-5
0.441, -2.479e-5
0.442, -2.479e-5
0.443, -2.479e-5
0.444, -2.479e-5
0.445, -2.479e-5
0.446, -2.479e-5
0.447, -2.479e-5
0.448, -2.479e-5
0.449, -2.479e-5
0.450, -2.479e-5
0.449, -2.479e-5
0.448, -2.479e-5
0.447, -2.479e-5
0.446, -2.479e-5
0.445, -2.479e-5
0.444, -2.479e-5
0.443, -2.479e-5
0.442, -2.479e-5
0.441, -2.479e-5
0.440, -2.479e-5
0.439, -2.479e-5
0.438, -2.479e-5
0.437, -2.479e-5
0.436, -2.479e-5
0.435, -2.479e-5
0.434, -2.479e-5
0.433, -2.479e-5
0.432, -2.479e-5
0.431, -2.479e-5
0.430, -2.479e-5
0.429, -2.479e-5
0.428, -2.479e-5
0.427, -2.479e-5
0.426, -2.479e-5
0.425, -2.479e-5
0.424, -2.479e-5
0.423, -2.479e-5
0.422, -2.479e-5
0.421, -2.479e-5
0.420, -2.479e-5
0.419, -2.479e-5
0.418, -2.479e-5
0.417, -2.479e-5
0.416, -2.479e-5
0.415, -2.479e-5
0.414, -2.479e-5
0.413, -2.479e-5
0.412, -2.479e-5
0.411, -2.479e-5
0.410, -2.479e-5
0.409, -2.479e-5
0.408, -2.479e-5
0.407, -2.479e-5
0.406, -2.479e-5
0.405, -2.479e-5
0.404, -2.479e-5
0.403, -2.479e-5
0.402, -2.479e-5
0.401, -2.479e-5
0.400, -2.479e-5
0.399, -2.479e-5
0.398, -2.479e-5
0.397, -2.479e-5
0.396, -2.479e-5
0.395, -2.479e-5
0.394, -2.479e-5
0.393, -2.479e-5
0.392, -2.479e-5
0.391, -2.479e-5
0.390, -2.479e-5
0.389, -2.479e-5
0.388, -2.479e-5
0.387, -2.479e-5
0.386, -2.479e-5
0.385, -2.479e-5
0.384, -2.479e-5
0.383, -2.479e-5
0.382, -2.479e-5
0.381, -2.479e-5
0.380, -2.479e-5
0.379, -2.479e-5
0.378, -2.479e-5
0.377, -2.479e-5
0.376, -2.479e-5
0.375, -2.479e-5
0.374, -2.479e-5
0.373, -2.479e-5
0.372, -2.479e-5
0.371, -2.479e-5
0.370, -2.479e-5
0.369, -2.479e-5
0.368, -2.479e-5
0.367, -2.479e-5
0.366, -2.479e-5
0.365, -2.479e-5
0.364, -2.479e-5
0.363, -2.479e-5
0.362, -2.479e-5
0.361, -2.479e-5
0.360, -2.479e-5
0.359, -2.479e-5
0.358, -2.479e-5
0.357, -2.479e-5
0.356, -2.479e-5
0.355, -2.479e-5
0.354, -2.479e-5
0.353, -2.479e-5
0.352, -2.479e-5
0.351, -2.479e-5
0.350, -2.479e-5
0.349, -2.479e-5
0.348, -2.479e-5
0.347, -2.479e-5
0.346, -2.479e-5
0.345, -2.479e-5
0.344, -2.479e-5
0.343, -2.479e-5
0.342, -2.479e-5
0.341, -2.479e-5
0.340, -2.479e-5
0.339, -2.479e-5
0.338, -2.479e-5
0.337, -2.479e-5
0.336, -2.479e-5
0.335, -2.479e-5
0.334, -2.479e-5
0.333, -2.479e-5
0.332, -2.479e-5
0.331, -2.479e-5
0.330, -2.479e-5
0.329, -2.479e-5
0.328, -2.479e-5
0.327, -2.479e-5
0.326, -2.479e-5
0.325, -2.479e-5
0.324, -2.479e-5
0.323, -2.479e-5
0.322, -2.479e-5
0.321, -2.479e-5
0.320, -2.479e-5
0.319, -2.479e-5
0.318, -2.479e-5
0.317, -2.479e-5
0.316, -2.479e-5
0.315, -2.479e-5
0.314, -2.479e-5
0.313, -2.479e-5
0.312, -2.479e-5
0.311, -2.479e-5
0.310, -2.479e-5
0.309, -2.479e-5
0.308, -2.479e-5
0.307, -2.479e-5
0.306, -2.479e-5
0.305, -2.479e-5
0.304, -2.479e-5
0.303, -2.479e-5
0.302, -2.479e-5
0.301, -2.479e-5
0.300, -2.479e-5
0.299, -2.479e-5
0.298, -2.479e-5
0.297, -2.479e-5
0.296, -2.479e-5
0.295, -2.479e-5
0.294, -2.479e-5
0.293, -2.479e-5
0.292, -2.479e-5
0.291, -2.479e-5
0.290, -2.479e-5
0.289, -2.479e-5
0.288, -2.479e-5
0.287, -2.479e-5
0.286, -2.479e-5
0.285, -2.479e-5
0.284, -2.479e-5
0.283, -2.479e-5
0.282, -2.479e-5
0.281, -2.479e-5
0.280, -2.479e-5
0.279, -2.479e-5
0.278, -2.479e-5
0.277, -2.479e-5
0.276, -2.479e-5
0.275, -2.479e-5
0.274, -2.479e-5
0.273, -2.479e-5
0.272, -2.479e-5
0.271, -2.479e-5
0.270, -2.479e-5
0.269, -2.479e-5
0.268, -2.479e-5
0.267, -2.479e-5
0.266, -2.479e-5
0.265, -2.479e-5
0.264, -2.479e-5
0.263, -2.479e-5
0.262, -2.479e-5
0.261, -2.479e-5
0.260, -2.479e-5
0.259, -2.479e-5
0.258, -2.479e-5
0.257, -2.479e-5
0.256, -2.479e-5
0.255, -2.479e-5
0.254, -2.479e-5
0.253, -2.479e-5
0.252, -2.479e-5
0.251, -2.479e-5
0.250, -2.479e-5
0.249, -2.479e-5
0.248, -2.479e-5
0.247, -2.479e-5
0.246, -2.479e-5
0.245, -2.479e-5
0.244, -2.479e-5
0.243, -2.479e-5
0.242, -2.479e-5
0.241, -2.479e-5
0.240, -2.479e-5
0.239, -2.479e-5
0.238, -2.479e-5
0.237, -2.479e-5
0.236, -2.479e-5
0.235, -2.479e-5
0.234, -2.479e-5
0.233, -2.479e-5
0.232, -2.479e-5
0.231, -2.479e-5
0.230, -2.479e-5
0.229, -2.479e-5
0.228, -2.479e-5
0.227, -2.479e-5
0.226, -2.479e-5
0.225, -2.479e-5
0.224, -2.479e-5
0.223, -2.479e-5
0.222, -2.479e-5
0.221, -2.479e-5
0.220, -2.479e-5
0.219, -2.479e-5
0.218, -2.479e-5
0.217, -2.479e-5
0.216, -2.479e-5
0.215, -2.479e-5
0.214, -2.479e-5
0.213, -2.479e-5
0.212, -2.479e-5
0.211, -2.479e-5
0.210, -2.479e-5
0.209, -2.479e-5
0.208, -2.479e-5
0.207, -2.479e-5
0.206, -2.479e-5
0.205, -2.479e-5
0.204, -2.479e-5
0.203, -2.479e-5
0.202, -2.479e-5
0.201, -2.479e-5
0.200, -2.479e-5
0.199, -2.479e-5
0.198, -2.479e-5
0.197, -2.479e-5
0.196, -2.479e-5
0.195, -2.479e-5
0.194, -2.479e-5
0.193, -2.479e-5
0.192, -2.479e-5
0.191, -2.479e-5
0.190, -2.479e-5
0.189, -2.479e-5
0.188, -2.479e-5
0.187, -2.479e-5
0.186, -2.479e-5
0.185, -2.479e-5
0.184, -2.479e-5
0.183, -2.479e-5
0.182, -2.479e-5
0.181, -2.479e-5
0.180, -2.479e-5
0.179, -2.479e-5
0.178, -2.479e-5
0.177, -2.479e-5
0.176, -2.479e-5
0.175, -2.479e-5
0.174, -2.479e-5
0.173, -2.479e-5
0.172, -2.479e-5
0.171, -2.479e-5
0.170, -2.479e-5
0.169, -2.479e-5
0.168, -2.479e-5
0.167, -2.479e-5
0.166, -2.479e-5
0.165, -2.479e-5
0.164, -2.479e-5
0.163, -2.479e-5
0.162, -2.479e-5
0.161, -2.479e-5
0.160, -2.479e-5
0.159, -2.479e-5
0.158, -2.479e-5
0.157, -2.479e-5
0.156, -2.479e-5
0.155, -2.479e-5
0.154, -2.479e-5
0.153, -2.479e-5
0.152, -2.479e-5
0.151, -2.479e-5
0.150, -2.479e-5
0.149, -2.479e-5
0.148, -2.479e-5
0.147, -2.479e-5
0.146, -2.479e-5
0.145, -2.479e-5
0.144, -2.479e-5
0.143, -2.479e-5
0.142, -2.479e-5
0.141, -2.479e-5
0.140, -2.479e-5
0.139, -2.479e-5
0.138, -2.479e-5
0.137, -2.479e-5
0.136, -2.479e-5
0.135, -2.479e-5
0.134, -2.479e-5
0.133, -2.479e-5
0.132, -2.479e-5
0.131, -2.479e-5
0.130, -2.479e-5
0.129, -2.479e-5
0.128, -2.479e-5
0.127, -2.479e-5
0.126, -2.479e-5
0.125, -2.479e-5
0.124, -2.479e-5
0.123, -2.479e-5
0.122, -2.479e-5
0.121, -2.479e-5
0.120, -2.479e-5
0.119, -2.479e-5
0.118, -2.479e-5
0.117, -2.479e-5
0.116, -2.479e-5
0.115, -2.479e-5
0.114, -2.479e-5
0.113, -2.479e-5
0.112, -2.479e-5
0.111, -2.479e-5
0.110, -2.479e-5
0.109, -2.479e-5
0.108, -2.479e-5
0.107, -2.479e-5
0.106, -2.479e-5
0.105, -2.261e-5
0.104, -1.646e-5
0.103, -9.559e-6
0.102, -3.011e-6
0.101, 3.152e-6
0.100, 9.021e-6
0.099, 1.442e-5
0.098, 1.951e-5
0.097, 2.415e-5
0.096, 2.501e-5
0.095, 2.501e-5
0.094, 2.502e-5
0.093, 2.501e-5
0.092, 2.501e-5
0.091, 2.501e-5
0.090, 2.502e-5
0.089, 2.501e-5
0.088, 2.501e-5
0.087, 2.501e-5
0.086, 2.501e-5
0.085, 2.501e-5
0.084, 2.501e-5
0.083, 2.501e-5
0.082, 2.501e-5
0.081, 2.501e-5
0.080, 2.501e-5
0.079, 2.501e-5
0.078, 2.501e-5
0.077, 2.501e-5
0.076, 2.501e-5
0.075, 2.501e-5
0.074, 2.501e-5
0.073, 2.501e-5
0.072, 2.501e-5
0.071, 2.501e-5
0.070, 2.501e-5
0.069, 2.501e-5
0.068, 2.501e-5
0.067, 2.501e-5
0.066, 2.501e-5
0.065, 2.501e-5
0.064, 2.501e-5
0.063, 2.501e-5
0.062, 2.501e-5
0.061, 2.501e-5
0.060, 2.501e-5
0.059, 2.501e-5
0.058, 2.501e-5
0.057, 2.501e-5
0.056, 2.501e-5
0.055, 2.501e-5
0.054, 2.501e-5
0.053, 2.501e-5
0.052, 2.501e-5
0.051, 2.501e-5
0.050, 2.501e-5
0.049, 2.501e-5
0.048, 2.501e-5
0.047, 2.501e-5
0.046, 2.501e-5
0.045, 2.501e-5
0.044, 2.501e-5
0.043, 2.501e-5
0.042, 2.501e-5
0.041, 2.501e-5
0.040, 2.501e-5
0.039, 2.501e-5
0.038, 2.501e-5
0.037, 2.501e-5
0.036, 2.501e-5
0.035, 2.501e-5
0.034, 2.501e-5
0.033, 2.501e-5
0.032, 2.501e-5
0.031, 2.501e-5
0.030, 2.501e-5
0.029, 2.501e-5
0.028, 2.501e-5
0.027, 2.501e-5
0.026, 2.501e-5
0.025, 2.501e-5
0.024, 2.501e-5
0.023, 2.501e-5
0.022, 2.501e-5
0.021, 2.501e-5
0.020, 2.501e-5
0.019, 2.501e-5
0.018, 2.501e-5
0.017, 2.501e-5
0.016, 2.501e-5
0.015, 2.501e-5
0.014, 2.501e-5
0.013, 2.501e-5
0.012, 2.501e-5
0.011, 2.501e-5
0.010, 2.501e-5
0.009, 2.501e-5
0.008, 2.501e-5
0.007, 2.501e-5
0.006, 2.501e-5
0.005, 2.501e-5
0.004, 2.501e-5
0.003, 2.501e-5
0.002, 2.501e-5
0.001, 2.501e-5
0.000, 2.501e-5
-0.001, 2.501e-5
-0.002, 2.501e-5
-0.003, 2.501e-5
-0.004, 2.501e-5
-0.005, 2.501e-5
-0.006, 2.501e-5
-0.007, 2.501e-5
-0.008, 2.501e-5
-0.009, 2.501e-5
-0.010, 2.501e-5
-0.011, 2.501e-5
-0.012, 2.501e-5
-0.013, 2.501e-5
-0.014, 2.501e-5
-0.015, 2.501e-5
-0.016, 2.501e-5
-0.017, 2.501e-5
-0.018, 2.501e-5
-0.019, 2.501e-5
-0.020, 2.501e-5
-0.021, 2.501e-5
-0.022, 2.501e-5
-0.023, 2.501e-5
-0.024, 2.501e-5
-0.025, 2.501e-5
-0.026, 2.501e-5
-0.027, 2.501e-5
-0.028, 2.501e-5
-0.029, 2.501e-5
-0.030, 2.501e-5
-0.031, 2.501e-5
-0.032, 2.501e-5
-0.033, 2.501e-5
-0.034, 2.501e-5
-0.035, 2.501e-5
-0.036, 2.501e-5
-0.037, 2.501e-5
-0.038, 2.501e-5
-0.039, 2.501e-5
-0.040, 2.501e-5
-0.041, 2.501e-5
-0.042, 2.501e-5
-0.043, 2.501e-5
-0.044, 2.501e-5
-0.045, 2.501e-5
-0.046, 2.501e-5
-0.047, 2.501e-5
-0.048, 2.501e-5
-0.049, 2.501e-5
-0.050, 2.501e-5
