-0.049, 2.074e-8
-0.048, -1.974e-7
-0.047, -2.453e-7
-0.046, -2.544e-7
-0.045, -2.599e-7
-0.044, -2.650e-7
-0.043, -2.725e-7
-0.042, -2.710e-7
-0.041, -2.687e-7
-0.040, -2.758e-7
-0.039, -2.802e-7
-0.038, -2.753e-7
-0.037, -2.820e-7
-0.036, -2.817e-7
-0.035, -2.785e-7
-0.034, -2.816e-7
-0.033, -2.880e-7
-0.032, -2.868e-7
-0.031, -2.846e-7
-0.030, -2.850e-7
-0.029, -2.821e-7
-0.028, -2.891e-7
-0.027, -2.866e-7
-0.026, -2.883e-7
-0.025, -2.872e-7
-0.024, -2.900e-7
-0.023, -2.899e-7
-0.022, -2.894e-7
-0.021, -2.896e-7
-0.020, -2.864e-7
-0.019, -2.884e-7
-0.018, -2.904e-7
-0.017, -2.950e-7
-0.016, -2.891e-7
-0.015, -2.907e-7
-0.014, -2.895e-7
-0.013, -2.916e-7
-0.012, -2.889e-7
-0.011, -3.018e-7
-0.010, -2.912e-7
-0.009, -2.904e-7
-0.008, -2.958e-7
-0.007, -2.880e-7
-0.006, -2.937e-7
-0.005, -2.944e-7
-0.004, -2.923e-7
-0.003, -2.891e-7
-0.002, -2.922e-7
-0.001, -2.978e-7
-0.000, -2.969e-7
0.001, -2.563e-7
0.002, -2.824e-7
0.003, -2.794e-7
0.004, -2.862e-7
0.005, -2.880e-7
0.006, -2.868e-7
0.007, -2.881e-7
0.008, -2.865e-7
0.009, -2.952e-7
0.010, -2.914e-7
0.011, -2.843e-7
0.012, -2.901e-7
0.013, -2.922e-7
0.014, -2.860e-7
0.015, -2.882e-7
0.016, -2.877e-7
0.017, -2.909e-7
0.018, -2.895e-7
0.019, -2.909e-7
0.020, -2.907e-7
0.021, -2.892e-7
0.022, -2.867e-7
0.023, -2.919e-7
0.024, -2.892e-7
0.025, -2.850e-7
0.026, -2.920e-7
0.027, -2.920e-7
0.028, -2.800e-7
0.029, -2.878e-7
0.030, -2.877e-7
0.031, -2.882e-7
0.032, -2.841e-7
0.033, -2.900e-7
0.034, -2.857e-7
0.035, -2.862e-7
0.036, -2.892e-7
0.037, -2.842e-7
0.038, -2.836e-7
0.039, -2.879e-7
0.040, -2.848e-7
0.041, -2.842e-7
0.042, -2.858e-7
0.043, -2.880e-7
0.044, -2.832e-7
0.045, -2.823e-7
0.046, -2.781e-7
0.047, -2.850e-7
0.048, -2.810e-7
0.049, -2.836e-7
0.050, -2.838e-7
0.051, -2.841e-7
0.052, -2.828e-7
0.053, -2.807e-7
0.054, -2.833e-7
0.055, -2.835e-7
0.056, -2.857e-7
0.057, -2.806e-7
0.058, -2.815e-7
0.059, -2.806e-7
0.060, -2.867e-7
0.061, -2.828e-7
0.062, -2.830e-7
0.063, -2.830e-7
0.064, -2.851e-7
0.065, -2.495e-7
0.066, -2.723e-7
0.067, -2.777e-7
0.068, -2.794e-7
0.069, -2.796e-7
0.070, -2.775e-7
0.071, -2.763e-7
0.072, -2.778e-7
0.073, -2.784e-7
0.074, -2.800e-7
0.075, -2.807e-7
0.076, -2.802e-7
0.077, -2.775e-7
0.078, -2.810e-7
0.079, -2.797e-7
0.080, -2.808e-7
0.081, -2.796e-7
0.082, -2.800e-7
0.083, -2.796e-7
0.084, -2.793e-7
0.085, -2.804e-7
0.086, -2.807e-7
0.087, -2.814e-7
0.088, -2.792e-7
0.089, -2.794e-7
0.090, -2.793e-7
0.091, -2.790e-7
0.092, -2.791e-7
0.093, -2.821e-7
0.094, -2.771e-7
0.095, -2.769e-7
0.096, -2.803e-7
0.097, -2.784e-7
0.098, -2.789e-7
0.099, -2.807e-7
0.100, -2.784e-7
0.101, -2.779e-7
0.102, -2.768e-7
0.103, -2.774e-7
0.104, -2.761e-7
0.105, -2.814e-7
0.106, -2.767e-7
0.107, -2.751e-7
0.108, -2.791e-7
0.109, -2.751e-7
0.110, -2.757e-7
0.111, -2.791e-7
0.112, -2.784e-7
0.113, -2.798e-7
0.114, -2.742e-7
0.115, -2.800e-7
0.116, -2.843e-7
0.117, -2.791e-7
0.118, -2.800e-7
0.119, -2.765e-7
0.120, -2.809e-7
0.121, -2.793e-7
0.122, -2.773e-7
0.123, -2.799e-7
0.124, -2.775e-7
0.125, -2.741e-7
0.126, -2.824e-7
0.127, -2.798e-7
0.128, -2.784e-7
0.129, -2.424e-7
0.130, -2.682e-7
0.131, -2.725e-7
0.132, -2.765e-7
0.133, -2.732e-7
0.134, -2.734e-7
0.135, -2.743e-7
0.136, -2.754e-7
0.137, -2.770e-7
0.138, -2.797e-7
0.139, -2.762e-7
0.140, -2.708e-7
0.141, -2.792e-7
0.142, -2.762e-7
0.143, -2.792e-7
0.144, -2.766e-7
0.145, -2.764e-7
0.146, -2.786e-7
0.147, -2.811e-7
0.148, -2.803e-7
0.149, -2.830e-7
0.150, -2.777e-7
0.151, -2.789e-7
0.152, -2.787e-7
0.153, -2.814e-7
0.154, -2.787e-7
0.155, -2.777e-7
0.156, -2.837e-7
0.157, -2.808e-7
0.158, -2.794e-7
0.159, -2.810e-7
0.160, -2.788e-7
0.161, -2.837e-7
0.162, -2.844e-7
0.163, -2.784e-7
0.164, -2.833e-7
0.165, -2.790e-7
0.166, -2.842e-7
0.167, -2.842e-7
0.168, -2.846e-7
0.169, -2.849e-7
0.170, -2.835e-7
0.171, -2.827e-7
0.172, -2.862e-7
0.173, -2.854e-7
0.174, -2.853e-7
0.175, -2.867e-7
0.176, -2.837e-7
0.177, -2.916e-7
0.178, -2.898e-7
0.179, -2.920e-7
0.180, -2.923e-7
0.181, -2.924e-7
0.182, -2.896e-7
0.183, -2.939e-7
0.184, -2.967e-7
0.185, -2.982e-7
0.186, -2.960e-7
0.187, -2.976e-7
0.188, -2.998e-7
0.189, -2.975e-7
0.190, -3.040e-7
0.191, -3.024e-7
0.192, -3.074e-7
0.193, -2.738e-7
0.194, -2.971e-7
0.195, -3.001e-7
0.196, -3.004e-7
0.197, -3.084e-7
0.198, -3.064e-7
0.199, -3.053e-7
0.200, -3.121e-7
0.201, -3.154e-7
0.202, -3.165e-7
0.203, -3.137e-7
0.204, -3.173e-7
0.205, -3.231e-7
0.206, -3.219e-7
0.207, -3.243e-7
0.208, -3.264e-7
0.209, -3.287e-7
0.210, -3.317e-7
0.211, -3.331e-7
0.212, -3.395e-7
0.213, -3.295e-7
0.214, -3.344e-7
0.215, -3.383e-7
0.216, -3.427e-7
0.217, -3.429e-7
0.218, -3.439e-7
0.219, -3.472e-7
0.220, -3.497e-7
0.221, -3.529e-7
0.222, -3.509e-7
0.223, -3.579e-7
0.224, -3.433e-7
0.225, -3.576e-7
0.226, -3.580e-7
0.227, -3.610e-7
0.228, -3.600e-7
0.229, -3.657e-7
0.230, -3.621e-7
0.231, -3.625e-7
0.232, -3.616e-7
0.233, -3.664e-7
0.234, -3.688e-7
0.235, -3.689e-7
0.236, -3.689e-7
0.237, -3.703e-7
0.238, -3.720e-7
0.239, -3.748e-7
0.240, -3.690e-7
0.241, -3.735e-7
0.242, -3.740e-7
0.243, -3.766e-7
0.244, -3.769e-7
0.245, -3.775e-7
0.246, -3.736e-7
0.247, -3.746e-7
0.248, -3.793e-7
0.249, -3.768e-7
0.250, -3.813e-7
0.251, -3.760e-7
0.252, -3.784e-7
0.253, -3.802e-7
0.254, -3.786e-7
0.255, -3.805e-7
0.256, -3.836e-7
0.257, -3.421e-7
0.258, -3.692e-7
0.259, -3.735e-7
0.260, -3.776e-7
0.261, -3.757e-7
0.262, -3.770e-7
0.263, -3.799e-7
0.264, -3.766e-7
0.265, -3.810e-7
0.266, -3.771e-7
0.267, -3.782e-7
0.268, -3.812e-7
0.269, -3.800e-7
0.270, -3.821e-7
0.271, -3.822e-7
0.272, -3.752e-7
0.273, -3.871e-7
0.274, -3.800e-7
0.275, -3.790e-7
0.276, -3.794e-7
0.277, -3.832e-7
0.278, -3.849e-7
0.279, -3.825e-7
0.280, -3.793e-7
0.281, -3.842e-7
0.282, -3.813e-7
0.283, -3.800e-7
0.284, -3.904e-7
0.285, -3.825e-7
0.286, -3.831e-7
0.287, -3.842e-7
0.288, -3.839e-7
0.289, -3.863e-7
0.290, -3.873e-7
0.291, -3.840e-7
0.292, -3.834e-7
0.293, -3.873e-7
0.294, -3.876e-7
0.295, -3.826e-7
0.296, -3.864e-7
0.297, -3.894e-7
0.298, -3.845e-7
0.299, -3.913e-7
0.300, -3.876e-7
0.301, -3.849e-7
0.302, -3.883e-7
0.303, -3.899e-7
0.304, -3.887e-7
0.305, -3.941e-7
0.306, -3.894e-7
0.307, -3.894e-7
0.308, -3.898e-7
0.309, -3.925e-7
0.310, -3.896e-7
0.311, -3.941e-7
0.312, -3.946e-7
0.313, -3.938e-7
0.314, -3.925e-7
0.315, -3.981e-7
0.316, -3.929e-7
0.317, -3.944e-7
0.318, -4.041e-7
0.319, -4.020e-7
0.320, -4.008e-7
0.321, -3.648e-7
0.322, -3.885e-7
0.323, -3.952e-7
0.324, -3.973e-7
0.325, -3.977e-7
0.326, -3.979e-7
0.327, -3.952e-7
0.328, -4.025e-7
0.329, -4.054e-7
0.330, -4.047e-7
0.331, -4.002e-7
0.332, -4.053e-7
0.333, -4.063e-7
0.334, -4.090e-7
0.335, -4.035e-7
0.336, -4.072e-7
0.337, -4.079e-7
0.338, -4.069e-7
0.339, -4.099e-7
0.340, -4.101e-7
0.341, -4.115e-7
0.342, -4.130e-7
0.343, -4.091e-7
0.344, -4.194e-7
0.345, -4.206e-7
0.346, -4.167e-7
0.347, -4.184e-7
0.348, -4.206e-7
0.349, -4.183e-7
0.350, -4.192e-7
0.351, -4.232e-7
0.352, -4.249e-7
0.353, -4.257e-7
0.354, -4.221e-7
0.355, -4.209e-7
0.356, -4.261e-7
0.357, -4.275e-7
0.358, -4.284e-7
0.359, -4.311e-7
0.360, -4.251e-7
0.361, -4.268e-7
0.362, -4.320e-7
0.363, -4.307e-7
0.364, -4.301e-7
0.365, -4.333e-7
0.366, -4.332e-7
0.367, -4.372e-7
0.368, -4.329e-7
0.369, -4.401e-7
0.370, -4.358e-7
0.371, -4.406e-7
0.372, -4.375e-7
0.373, -4.402e-7
0.374, -4.436e-7
0.375, -4.415e-7
0.376, -4.440e-7
0.377, -4.439e-7
0.378, -4.446e-7
0.379, -4.499e-7
0.380, -4.457e-7
0.381, -4.510e-7
0.382, -4.531e-7
0.383, -4.524e-7
0.384, -4.582e-7
0.385, -4.080e-7
0.386, -4.407e-7
0.387, -4.462e-7
0.388, -4.476e-7
0.389, -4.512e-7
0.390, -4.487e-7
0.391, -4.556e-7
0.392, -4.553e-7
0.393, -4.525e-7
0.394, -4.627e-7
0.395, -4.548e-7
0.396, -4.639e-7
0.397, -4.573e-7
0.398, -4.646e-7
0.399, -4.639e-7
0.400, -4.661e-7
0.401, -4.683e-7
0.402, -4.653e-7
0.403, -4.692e-7
0.404, -4.691e-7
0.405, -4.728e-7
0.406, -4.676e-7
0.407, -4.715e-7
0.408, -4.753e-7
0.409, -4.730e-7
0.410, -4.802e-7
0.411, -4.813e-7
0.412, -4.788e-7
0.413, -4.788e-7
0.414, -4.793e-7
0.415, -4.836e-7
0.416, -4.839e-7
0.417, -4.912e-7
0.418, -4.886e-7
0.419, -4.841e-7
0.420, -4.873e-7
0.421, -4.949e-7
0.422, -4.890e-7
0.423, -4.963e-7
0.424, -4.953e-7
0.425, -4.911e-7
0.426, -4.992e-7
0.427, -5.027e-7
0.428, -5.007e-7
0.429, -4.988e-7
0.430, -5.052e-7
0.431, -5.010e-7
0.432, -5.047e-7
0.433, -5.111e-7
0.434, -5.090e-7
0.435, -5.091e-7
0.436, -5.148e-7
0.437, -5.171e-7
0.438, -5.157e-7
0.439, -5.194e-7
0.440, -5.189e-7
0.441, -5.202e-7
0.442, -5.267e-7
0.443, -5.303e-7
0.444, -5.257e-7
0.445, -5.319e-7
0.446, -5.338e-7
0.447, -5.357e-7
0.448, -5.381e-7
0.449, -5.010e-7
0.450, -5.268e-7
0.449, -5.323e-7
0.448, -1.022e-7
0.447, -1.892e-8
0.446, -2.134e-8
0.445, 3.249e-8
0.444, 5.278e-8
0.443, 6.494e-8
0.442, 7.596e-8
0.441, 8.111e-8
0.440, 8.872e-8
0.439, 1.013e-7
0.438, 1.032e-7
0.437, 1.136e-7
0.436, 1.124e-7
0.435, 1.245e-7
0.434, 1.265e-7
0.433, 1.256e-7
0.432, 1.324e-7
0.431, 1.405e-7
0.430, 1.458e-7
0.429, 1.441e-7
0.428, 1.498e-7
0.427, 1.511e-7
0.426, 1.530e-7
0.425, 1.643e-7
0.424, 1.584e-7
0.423, 1.656e-7
0.422, 1.667e-7
0.421, 1.707e-7
0.420, 1.680e-7
0.419, 1.759e-7
0.418, 1.786e-7
0.417, 1.788e-7
0.416, 1.763e-7
0.415, 1.847e-7
0.414, 1.906e-7
0.413, 1.889e-7
0.412, 1.877e-7
0.411, 1.882e-7
0.410, 1.960e-7
0.409, 1.923e-7
0.408, 1.963e-7
0.407, 1.998e-7
0.406, 1.995e-7
0.405, 1.971e-7
0.404, 2.083e-7
0.403, 2.065e-7
0.402, 2.034e-7
0.401, 2.057e-7
0.400, 2.059e-7
0.399, 2.103e-7
0.398, 2.093e-7
0.397, 2.104e-7
0.396, 2.136e-7
0.395, 2.090e-7
0.394, 2.143e-7
0.393, 2.143e-7
0.392, 2.158e-7
0.391, 2.172e-7
0.390, 2.185e-7
0.389, 2.180e-7
0.388, 2.153e-7
0.387, 2.183e-7
0.386, 2.149e-7
0.385, 2.202e-7
0.384, 2.192e-7
0.383, 2.266e-7
0.382, 1.881e-7
0.381, 2.226e-7
0.380, 2.276e-7
0.379, 2.296e-7
0.378, 2.285e-7
0.377, 2.280e-7
0.376, 2.346e-7
0.375, 2.317e-7
0.374, 2.325e-7
0.373, 2.293e-7
0.372, 2.295e-7
0.371, 2.354e-7
0.370, 2.350e-7
0.369, 2.346e-7
0.368, 2.349e-7
0.367, 2.321e-7
0.366, 2.399e-7
0.365, 2.359e-7
0.364, 2.371e-7
0.363, 2.333e-7
0.362, 2.366e-7
0.361, 2.380e-7
0.360, 2.352e-7
0.359, 2.325e-7
0.358, 2.434e-7
0.357, 2.392e-7
0.356, 2.385e-7
0.355, 2.390e-7
0.354, 2.398e-7
0.353, 2.423e-7
0.352, 2.397e-7
0.351, 2.402e-7
0.350, 2.452e-7
0.349, 2.399e-7
0.348, 2.436e-7
0.347, 2.406e-7
0.346, 2.437e-7
0.345, 2.453e-7
0.344, 2.445e-7
0.343, 2.393e-7
0.342, 2.444e-7
0.341, 2.399e-7
0.340, 2.471e-7
0.339, 2.477e-7
0.338, 2.404e-7
0.337, 2.454e-7
0.336, 2.422e-7
0.335, 2.449e-7
0.334, 2.474e-7
0.333, 2.428e-7
0.332, 2.446e-7
0.331, 2.465e-7
0.330, 2.475e-7
0.329, 2.434e-7
0.328, 2.451e-7
0.327, 2.494e-7
0.326, 2.461e-7
0.325, 2.474e-7
0.324, 2.425e-7
0.323, 2.476e-7
0.322, 2.442e-7
0.321, 2.454e-7
0.320, 2.455e-7
0.319, 2.405e-7
0.318, 2.250e-7
0.317, 2.444e-7
0.316, 2.489e-7
0.315, 2.528e-7
0.314, 2.480e-7
0.313, 2.467e-7
0.312, 2.508e-7
0.311, 2.490e-7
0.310, 2.504e-7
0.309, 2.480e-7
0.308, 2.506e-7
0.307, 2.472e-7
0.306, 2.531e-7
0.305, 2.470e-7
0.304, 2.485e-7
0.303, 2.523e-7
0.302, 2.471e-7
0.301, 2.517e-7
0.300, 2.515e-7
0.299, 2.496e-7
0.298, 2.484e-7
0.297, 2.503e-7
0.296, 2.519e-7
0.295, 2.518e-7
0.294, 2.488e-7
0.293, 2.541e-7
0.292, 2.506e-7
0.291, 2.506e-7
0.290, 2.501e-7
0.289, 2.497e-7
0.288, 2.504e-7
0.287, 2.502e-7
0.286, 2.562e-7
0.285, 2.501e-7
0.284, 2.521e-7
0.283, 2.537e-7
0.282, 2.471e-7
0.281, 2.532e-7
0.280, 2.536e-7
0.279, 2.514e-7
0.278, 2.509e-7
0.277, 2.512e-7
0.276, 2.542e-7
0.275, 2.539e-7
0.274, 2.543e-7
0.273, 2.514e-7
0.272, 2.544e-7
0.271, 2.512e-7
0.270, 2.518e-7
0.269, 2.553e-7
0.268, 2.541e-7
0.267, 2.490e-7
0.266, 2.557e-7
0.265, 2.559e-7
0.264, 2.518e-7
0.263, 2.554e-7
0.262, 2.501e-7
0.261, 2.557e-7
0.260, 2.529e-7
0.259, 2.509e-7
0.258, 2.539e-7
0.257, 2.520e-7
0.256, 2.513e-7
0.255, 2.520e-7
0.254, 2.234e-7
0.253, 2.508e-7
0.252, 2.566e-7
0.251, 2.562e-7
0.250, 2.538e-7
0.249, 2.581e-7
0.248, 2.560e-7
0.247, 2.544e-7
0.246, 2.579e-7
0.245, 2.551e-7
0.244, 2.552e-7
0.243, 2.539e-7
0.242, 2.576e-7
0.241, 2.595e-7
0.240, 2.579e-7
0.239, 2.573e-7
0.238, 2.597e-7
0.237, 2.542e-7
0.236, 2.569e-7
0.235, 2.567e-7
0.234, 2.554e-7
0.233, 2.568e-7
0.232, 2.562e-7
0.231, 2.563e-7
0.230, 2.615e-7
0.229, 2.636e-7
0.228, 2.585e-7
0.227, 2.576e-7
0.226, 2.591e-7
0.225, 2.601e-7
0.224, 2.568e-7
0.223, 2.579e-7
0.222, 2.658e-7
0.221, 2.597e-7
0.220, 2.597e-7
0.219, 2.634e-7
0.218, 2.604e-7
0.217, 2.640e-7
0.216, 2.596e-7
0.215, 2.621e-7
0.214, 2.621e-7
0.213, 2.616e-7
0.212, 2.610e-7
0.211, 2.645e-7
0.210, 2.656e-7
0.209, 2.647e-7
0.208, 2.668e-7
0.207, 2.655e-7
0.206, 2.676e-7
0.205, 2.637e-7
0.204, 2.625e-7
0.203, 2.658e-7
0.202, 2.640e-7
0.201, 2.651e-7
0.200, 2.672e-7
0.199, 2.667e-7
0.198, 2.640e-7
0.197, 2.624e-7
0.196, 2.622e-7
0.195, 2.610e-7
0.194, 2.677e-7
0.193, 2.682e-7
0.192, 2.680e-7
0.191, 2.614e-7
0.190, 2.432e-7
0.189, 2.694e-7
0.188, 2.700e-7
0.187, 2.718e-7
0.186, 2.717e-7
0.185, 2.738e-7
0.184, 2.662e-7
0.183, 2.700e-7
0.182, 2.714e-7
0.181, 2.702e-7
0.180, 2.705e-7
0.179, 2.695e-7
0.178, 2.700e-7
0.177, 2.714e-7
0.176, 2.693e-7
0.175, 2.710e-7
0.174, 2.739e-7
0.173, 2.698e-7
0.172, 2.713e-7
0.171, 2.748e-7
0.170, 2.686e-7
0.169, 2.712e-7
0.168, 2.712e-7
0.167, 2.718e-7
0.166, 2.700e-7
0.165, 2.739e-7
0.164, 2.728e-7
0.163, 2.705e-7
0.162, 2.704e-7
0.161, 2.745e-7
0.160, 2.743e-7
0.159, 2.692e-7
0.158, 2.751e-7
0.157, 2.716e-7
0.156, 2.757e-7
0.155, 2.738e-7
0.154, 2.713e-7
0.153, 2.744e-7
0.152, 2.772e-7
0.151, 2.706e-7
0.150, 2.768e-7
0.149, 2.730e-7
0.148, 2.749e-7
0.147, 2.726e-7
0.146, 2.727e-7
0.145, 2.786e-7
0.144, 2.705e-7
0.143, 2.746e-7
0.142, 2.785e-7
0.141, 2.766e-7
0.140, 2.775e-7
0.139, 2.753e-7
0.138, 2.739e-7
0.137, 2.745e-7
0.136, 2.738e-7
0.135, 2.779e-7
0.134, 2.752e-7
0.133, 2.726e-7
0.132, 2.736e-7
0.131, 2.757e-7
0.130, 2.740e-7
0.129, 2.743e-7
0.128, 2.782e-7
0.127, 2.713e-7
0.126, 2.459e-7
0.125, 2.751e-7
0.124, 2.786e-7
0.123, 2.817e-7
0.122, 2.783e-7
0.121, 2.790e-7
0.120, 2.799e-7
0.119, 2.795e-7
0.118, 2.786e-7
0.117, 2.806e-7
0.116, 2.796e-7
0.115, 2.796e-7
0.114, 2.792e-7
0.113, 2.830e-7
0.112, 2.778e-7
0.111, 2.805e-7
0.110, 2.829e-7
0.109, 2.789e-7
0.108, 2.808e-7
0.107, 2.786e-7
0.106, 2.858e-7
0.105, 2.808e-7
0.104, 2.817e-7
0.103, 2.801e-7
0.102, 2.843e-7
0.101, 2.819e-7
0.100, 2.796e-7
0.099, 2.833e-7
0.098, 2.835e-7
0.097, 2.866e-7
0.096, 2.818e-7
0.095, 2.844e-7
0.094, 2.864e-7
0.093, 2.835e-7
0.092, 2.876e-7
0.091, 2.860e-7
0.090, 2.846e-7
0.089, 2.845e-7
0.088, 2.885e-7
0.087, 2.844e-7
0.086, 2.876e-7
0.085, 2.915e-7
0.084, 2.881e-7
0.083, 2.905e-7
0.082, 2.866e-7
0.081, 2.923e-7
0.080, 2.885e-7
0.079, 2.882e-7
0.078, 2.901e-7
0.077, 2.896e-7
0.076, 2.930e-7
0.075, 2.885e-7
0.074, 2.932e-7
0.073, 2.898e-7
0.072, 2.912e-7
0.071, 2.914e-7
0.070, 2.903e-7
0.069, 2.936e-7
0.068, 2.923e-7
0.067, 2.935e-7
0.066, 2.906e-7
0.065, 2.969e-7
0.064, 2.882e-7
0.063, 2.916e-7
0.062, 2.649e-7
0.061, 2.927e-7
0.060, 2.953e-7
0.059, 2.955e-7
0.058, 2.953e-7
0.057, 2.982e-7
0.056, 2.954e-7
0.055, 2.993e-7
0.054, 2.982e-7
0.053, 2.998e-7
0.052, 2.982e-7
0.051, 2.990e-7
0.050, 3.012e-7
0.049, 3.026e-7
0.048, 3.002e-7
0.047, 2.997e-7
0.046, 3.046e-7
0.045, 3.022e-7
0.044, 2.998e-7
0.043, 3.001e-7
0.042, 3.022e-7
0.041, 3.018e-7
0.040, 3.051e-7
0.039, 3.057e-7
0.038, 3.028e-7
0.037, 3.045e-7
0.036, 3.064e-7
0.035, 3.064e-7
0.034, 3.075e-7
0.033, 3.089e-7
0.032, 3.097e-7
0.031, 3.095e-7
0.030, 3.111e-7
0.029, 3.015e-7
0.028, 3.107e-7
0.027, 3.150e-7
0.026, 3.138e-7
0.025, 3.110e-7
0.024, 3.079e-7
0.023, 3.150e-7
0.022, 3.133e-7
0.021, 3.137e-7
0.020, 3.130e-7
0.019, 3.172e-7
0.018, 3.161e-7
0.017, 3.129e-7
0.016, 3.200e-7
0.015, 3.155e-7
0.014, 3.195e-7
0.013, 3.208e-7
0.012, 3.200e-7
0.011, 3.194e-7
0.010, 3.198e-7
0.009, 3.223e-7
0.008, 3.199e-7
0.007, 3.240e-7
0.006, 3.201e-7
0.005, 3.196e-7
0.004, 3.214e-7
0.003, 3.221e-7
0.002, 3.251e-7
0.001, 3.225e-7
0.000, 3.215e-7
-0.001, 3.233e-7
-0.002, 2.917e-7
-0.003, 3.245e-7
-0.004, 3.301e-7
-0.005, 3.348e-7
-0.006, 3.348e-7
-0.007, 3.357e-7
-0.008, 3.315e-7
-0.009, 3.313e-7
-0.010, 3.379e-7
-0.011, 3.353e-7
-0.012, 3.356e-7
-0.013, 3.372e-7
-0.014, 3.337e-7
-0.015, 3.384e-7
-0.016, 3.373e-7
-0.017, 3.415e-7
-0.018, 3.416e-7
-0.019, 3.398e-7
-0.020, 3.390e-7
-0.021, 3.442e-7
-0.022, 3.441e-7
-0.023, 3.420e-7
-0.024, 3.430e-7
-0.025, 3.470e-7
-0.026, 3.436e-7
-0.027, 3.492e-7
-0.028, 3.445e-7
-0.029, 3.513e-7
-0.030, 3.486e-7
-0.031, 3.492e-7
-0.032, 3.515e-7
-0.033, 3.502e-7
-0.034, 3.492e-7
-0.035, 3.544e-7
-0.036, 3.609e-7
-0.037, 3.531e-7
-0.038, 3.561e-7
-0.039, 3.566e-7
-0.040, 3.599e-7
-0.041, 3.580e-7
-0.042, 3.622e-7
-0.043, 3.573e-7
-0.044, 3.591e-7
-0.045, 3.591e-7
-0.046, 3.649e-7
-0.047, 3.648e-7
-0.048, 3.622e-7
-0.049, 3.623e-7
-0.050, 3.694e-7
