-0.049, 1.439e-8
-0.048, -1.667e-7
-0.047, -1.806e-7
-0.046, -1.717e-7
-0.045, -1.868e-7
-0.044, -1.753e-7
-0.043, -1.895e-7
-0.042, -1.866e-7
-0.041, -1.855e-7
-0.040, -1.930e-7
-0.039, -1.923e-7
-0.038, -1.927e-7
-0.037, -1.915e-7
-0.036, -1.972e-7
-0.035, -1.952e-7
-0.034, -1.979e-7
-0.033, -2.013e-7
-0.032, -1.971e-7
-0.031, -1.911e-7
-0.030, -1.960e-7
-0.029, -1.947e-7
-0.028, -2.204e-7
-0.027, -2.086e-7
-0.026, -1.874e-7
-0.025, -2.193e-7
-0.024, -2.021e-7
-0.023, -2.090e-7
-0.022, -2.134e-7
-0.021, -1.983e-7
-0.020, -2.026e-7
-0.019, -1.890e-7
-0.018, -2.186e-7
-0.017, -1.987e-7
-0.016, -2.022e-7
-0.015, -2.058e-7
-0.014, -1.820e-7
-0.013, -2.001e-7
-0.012, -1.875e-7
-0.011, -1.979e-7
-0.010, -2.078e-7
-0.009, -2.099e-7
-0.008, -2.108e-7
-0.007, -2.072e-7
-0.006, -2.052e-7
-0.005, -2.221e-7
-0.004, -2.029e-7
-0.003, -2.038e-7
-0.002, -2.051e-7
-0.001, -2.081e-7
-0.000, -2.294e-7
0.001, -1.496e-7
0.002, -2.103e-7
0.003, -1.965e-7
0.004, -1.971e-7
0.005, -2.090e-7
0.006, -1.967e-7
0.007, -2.037e-7
0.008, -2.110e-7
0.009, -1.932e-7
0.010, -1.995e-7
0.011, -2.004e-7
0.012, -2.020e-7
0.013, -1.976e-7
0.014, -1.975e-7
0.015, -2.055e-7
0.016, -2.066e-7
0.017, -2.085e-7
0.018, -1.962e-7
0.019, -2.015e-7
0.020, -1.907e-7
0.021, -1.967e-7
0.022, -2.188e-7
0.023, -1.975e-7
0.024, -1.958e-7
0.025, -2.128e-7
0.026, -2.053e-7
0.027, -1.965e-7
0.028, -2.101e-7
0.029, -1.978e-7
0.030, -1.969e-7
0.031, -1.980e-7
0.032, -2.179e-7
0.033, -1.991e-7
0.034, -1.932e-7
0.035, -2.221e-7
0.036, -2.007e-7
0.037, -2.120e-7
0.038, -2.094e-7
0.039, -1.926e-7
0.040, -2.175e-7
0.041, -1.865e-7
0.042, -2.111e-7
0.043, -2.071e-7
0.044, -2.054e-7
0.045, -1.990e-7
0.046, -2.055e-7
0.047, -2.036e-7
0.048, -1.973e-7
0.049, -2.121e-7
0.050, -2.054e-7
0.051, -2.095e-7
0.052, -2.082e-7
0.053, -2.086e-7
0.054, -2.058e-7
0.055, -2.076e-7
0.056, -2.001e-7
0.057, -2.082e-7
0.058, -1.942e-7
0.059, -2.031e-7
0.060, -2.071e-7
0.061, -2.009e-7
0.062, -1.977e-7
0.063, -1.994e-7
0.064, -1.938e-7
0.065, -1.754e-7
0.066, -1.930e-7
0.067, -1.969e-7
0.068, -2.008e-7
0.069, -1.943e-7
0.070, -1.915e-7
0.071, -1.983e-7
0.072, -2.114e-7
0.073, -2.020e-7
0.074, -2.035e-7
0.075, -2.060e-7
0.076, -2.037e-7
0.077, -2.138e-7
0.078, -2.080e-7
0.079, -1.934e-7
0.080, -2.078e-7
0.081, -1.934e-7
0.082, -2.083e-7
0.083, -2.017e-7
0.084, -2.026e-7
0.085, -2.084e-7
0.086, -2.155e-7
0.087, -2.081e-7
0.088, -1.928e-7
0.089, -2.083e-7
0.090, -1.922e-7
0.091, -2.059e-7
0.092, -1.969e-7
0.093, -1.894e-7
0.094, -1.991e-7
0.095, -2.209e-7
0.096, -1.909e-7
0.097, -2.119e-7
0.098, -2.071e-7
0.099, -1.956e-7
0.100, -2.057e-7
0.101, -1.860e-7
0.102, -2.099e-7
0.103, -2.130e-7
0.104, -1.940e-7
0.105, -2.108e-7
0.106, -1.924e-7
0.107, -2.052e-7
0.108, -1.999e-7
0.109, -2.099e-7
0.110, -1.982e-7
0.111, -1.872e-7
0.112, -2.092e-7
0.113, -1.860e-7
0.114, -2.072e-7
0.115, -2.072e-7
0.116, -1.986e-7
0.117, -2.011e-7
0.118, -1.933e-7
0.119, -1.946e-7
0.120, -2.002e-7
0.121, -1.998e-7
0.122, -2.017e-7
0.123, -2.058e-7
0.124, -1.945e-7
0.125, -2.076e-7
0.126, -1.990e-7
0.127, -1.991e-7
0.128, -1.950e-7
0.129, -1.722e-7
0.130, -2.053e-7
0.131, -2.030e-7
0.132, -2.172e-7
0.133, -1.994e-7
0.134, -2.037e-7
0.135, -2.029e-7
0.136, -1.930e-7
0.137, -2.073e-7
0.138, -2.117e-7
0.139, -1.912e-7
0.140, -1.941e-7
0.141, -2.093e-7
0.142, -2.198e-7
0.143, -2.024e-7
0.144, -2.157e-7
0.145, -2.054e-7
0.146, -2.029e-7
0.147, -2.254e-7
0.148, -1.983e-7
0.149, -2.058e-7
0.150, -2.053e-7
0.151, -1.934e-7
0.152, -2.081e-7
0.153, -2.139e-7
0.154, -2.100e-7
0.155, -2.016e-7
0.156, -2.097e-7
0.157, -2.174e-7
0.158, -2.097e-7
0.159, -2.034e-7
0.160, -2.242e-7
0.161, -2.136e-7
0.162, -2.159e-7
0.163, -2.220e-7
0.164, -2.214e-7
0.165, -2.276e-7
0.166, -2.196e-7
0.167, -2.149e-7
0.168, -2.164e-7
0.169, -2.192e-7
0.170, -2.275e-7
0.171, -2.142e-7
0.172, -2.216e-7
0.173, -2.246e-7
0.174, -2.364e-7
0.175, -2.061e-7
0.176, -2.333e-7
0.177, -2.386e-7
0.178, -2.368e-7
0.179, -2.288e-7
0.180, -2.301e-7
0.181, -2.358e-7
0.182, -2.503e-7
0.183, -2.371e-7
0.184, -2.444e-7
0.185, -2.450e-7
0.186, -2.479e-7
0.187, -2.482e-7
0.188, -2.508e-7
0.189, -2.475e-7
0.190, -2.483e-7
0.191, -2.543e-7
0.192, -2.557e-7
0.193, -2.273e-7
0.194, -2.477e-7
0.195, -2.659e-7
0.196, -2.638e-7
0.197, -2.645e-7
0.198, -2.405e-7
0.199, -2.643e-7
0.200, -2.559e-7
0.201, -2.701e-7
0.202, -2.698e-7
0.203, -2.617e-7
0.204, -2.818e-7
0.205, -2.646e-7
0.206, -2.636e-7
0.207, -2.647e-7
0.208, -2.746e-7
0.209, -2.833e-7
0.210, -2.690e-7
0.211, -2.683e-7
0.212, -2.848e-7
0.213, -2.667e-7
0.214, -2.755e-7
0.215, -2.744e-7
0.216, -2.771e-7
0.217, -2.985e-7
0.218, -2.888e-7
0.219, -2.862e-7
0.220, -2.772e-7
0.221, -2.880e-7
0.222, -2.956e-7
0.223, -2.819e-7
0.224, -2.810e-7
0.225, -2.858e-7
0.226, -2.900e-7
0.227, -2.826e-7
0.228, -2.943e-7
0.229, -2.914e-7
0.230, -2.959e-7
0.231, -2.936e-7
0.232, -2.928e-7
0.233, -2.853e-7
0.234, -3.031e-7
0.235, -2.986e-7
0.236, -3.065e-7
0.237, -3.089e-7
0.238, -2.998e-7
0.239, -3.104e-7
0.240, -3.063e-7
0.241, -2.948e-7
0.242, -3.150e-7
0.243, -3.057e-7
0.244, -3.015e-7
0.245, -3.029e-7
0.246, -3.019e-7
0.247, -3.175e-7
0.248, -3.184e-7
0.249, -3.290e-7
0.250, -3.153e-7
0.251, -3.067e-7
0.252, -3.162e-7
0.253, -3.084e-7
0.254, -3.113e-7
0.255, -3.282e-7
0.256, -3.053e-7
0.257, -2.999e-7
0.258, -3.146e-7
0.259, -3.069e-7
0.260, -3.168e-7
0.261, -2.874e-7
0.262, -3.222e-7
0.263, -3.116e-7
0.264, -3.084e-7
0.265, -3.091e-7
0.266, -3.092e-7
0.267, -3.204e-7
0.268, -3.030e-7
0.269, -3.295e-7
0.270, -3.180e-7
0.271, -3.086e-7
0.272, -3.243e-7
0.273, -3.171e-7
0.274, -3.162e-7
0.275, -3.117e-7
0.276, -3.051e-7
0.277, -3.284e-7
0.278, -3.205e-7
0.279, -3.243e-7
0.280, -3.211e-7
0.281, -3.238e-7
0.282, -3.269e-7
0.283, -3.225e-7
0.284, -3.246e-7
0.285, -3.125e-7
0.286, -3.207e-7
0.287, -3.264e-7
0.288, -3.304e-7
0.289, -3.331e-7
0.290, -3.290e-7
0.291, -3.105e-7
0.292, -3.389e-7
0.293, -3.296e-7
0.294, -3.189e-7
0.295, -3.438e-7
0.296, -3.315e-7
0.297, -3.446e-7
0.298, -3.371e-7
0.299, -3.317e-7
0.300, -3.159e-7
0.301, -3.147e-7
0.302, -3.357e-7
0.303, -3.300e-7
0.304, -3.410e-7
0.305, -3.370e-7
0.306, -3.336e-7
0.307, -3.520e-7
0.308, -3.334e-7
0.309, -3.273e-7
0.310, -3.375e-7
0.311, -3.357e-7
0.312, -3.515e-7
0.313, -3.373e-7
0.314, -3.487e-7
0.315, -3.430e-7
0.316, -3.417e-7
0.317, -3.493e-7
0.318, -3.446e-7
0.319, -3.549e-7
0.320, -3.480e-7
0.321, -3.091e-7
0.322, -3.427e-7
0.323, -3.394e-7
0.324, -3.435e-7
0.325, -3.306e-7
0.326, -3.378e-7
0.327, -3.532e-7
0.328, -3.365e-7
0.329, -3.476e-7
0.330, -3.470e-7
0.331, -3.434e-7
0.332, -3.669e-7
0.333, -3.412e-7
0.334, -3.555e-7
0.335, -3.556e-7
0.336, -3.523e-7
0.337, -3.684e-7
0.338, -3.607e-7
0.339, -3.667e-7
0.340, -3.528e-7
0.341, -3.508e-7
0.342, -3.754e-7
0.343, -3.589e-7
0.344, -3.689e-7
0.345, -3.644e-7
0.346, -3.665e-7
0.347, -3.757e-7
0.348, -3.401e-7
0.349, -3.701e-7
0.350, -3.801e-7
0.351, -3.506e-7
0.352, -3.646e-7
0.353, -3.698e-7
0.354, -3.771e-7
0.355, -3.737e-7
0.356, -3.723e-7
0.357, -3.817e-7
0.358, -3.741e-7
0.359, -3.716e-7
0.360, -3.752e-7
0.361, -3.750e-7
0.362, -3.916e-7
0.363, -3.709e-7
0.364, -3.733e-7
0.365, -3.816e-7
0.366, -3.777e-7
0.367, -4.003e-7
0.368, -3.706e-7
0.369, -4.045e-7
0.370, -3.815e-7
0.371, -3.801e-7
0.372, -4.043e-7
0.373, -3.800e-7
0.374, -3.822e-7
0.375, -4.068e-7
0.376, -3.850e-7
0.377, -4.112e-7
0.378, -4.011e-7
0.379, -4.044e-7
0.380, -4.016e-7
0.381, -4.021e-7
0.382, -4.109e-7
0.383, -3.980e-7
0.384, -4.031e-7
0.385, -3.634e-7
0.386, -3.793e-7
0.387, -4.092e-7
0.388, -3.852e-7
0.389, -3.974e-7
0.390, -4.023e-7
0.391, -4.014e-7
0.392, -4.214e-7
0.393, -4.155e-7
0.394, -4.071e-7
0.395, -4.164e-7
0.396, -4.191e-7
0.397, -4.179e-7
0.398, -4.157e-7
0.399, -4.256e-7
0.400, -4.112e-7
0.401, -4.261e-7
0.402, -4.258e-7
0.403, -4.334e-7
0.404, -4.296e-7
0.405, -4.373e-7
0.406, -4.199e-7
0.407, -4.497e-7
0.408, -4.397e-7
0.409, -4.445e-7
0.410, -4.470e-7
0.411, -4.331e-7
0.412, -4.412e-7
0.413, -4.307e-7
0.414, -4.361e-7
0.415, -4.454e-7
0.416, -4.235e-7
0.417, -4.649e-7
0.418, -4.415e-7
0.419, -4.506e-7
0.420, -4.488e-7
0.421, -4.659e-7
0.422, -4.353e-7
0.423, -4.584e-7
0.424, -4.699e-7
0.425, -4.690e-7
0.426, -4.511e-7
0.427, -4.746e-7
0.428, -4.640e-7
0.429, -4.753e-7
0.430, -4.840e-7
0.431, -4.600e-7
0.432, -4.977e-7
0.433, -4.626e-7
0.434, -4.772e-7
0.435, -4.753e-7
0.436, -4.725e-7
0.437, -4.967e-7
0.438, -4.954e-7
0.439, -4.910e-7
0.440, -4.902e-7
0.441, -5.056e-7
0.442, -5.038e-7
0.443, -4.951e-7
0.444, -5.189e-7
0.445, -5.070e-7
0.446, -5.166e-7
0.447, -5.242e-7
0.448, -5.256e-7
0.449, -4.917e-7
0.450, -5.038e-7
0.449, -5.165e-7
0.448, -1.270e-7
0.447, -8.689e-8
0.446, -1.081e-7
0.445, -5.540e-8
0.444, -4.181e-8
0.443, -4.166e-8
0.442, -1.478e-10
0.441, -6.495e-10
0.440, -4.972e-10
0.439, 1.449e-8
0.438, 1.775e-8
0.437, 3.520e-8
0.436, 4.352e-8
0.435, 4.698e-8
0.434, 4.728e-8
0.433, 5.195e-8
0.432, 7.802e-8
0.431, 6.122e-8
0.430, 7.551e-8
0.429, 8.163e-8
0.428, 6.117e-8
0.427, 8.499e-8
0.426, 8.755e-8
0.425, 9.216e-8
0.424, 1.065e-7
0.423, 7.902e-8
0.422, 1.033e-7
0.421, 1.000e-7
0.420, 1.003e-7
0.419, 1.137e-7
0.418, 9.507e-8
0.417, 1.198e-7
0.416, 1.244e-7
0.415, 1.119e-7
0.414, 1.306e-7
0.413, 1.190e-7
0.412, 1.269e-7
0.411, 1.329e-7
0.410, 1.274e-7
0.409, 1.411e-7
0.408, 1.236e-7
0.407, 1.419e-7
0.406, 1.362e-7
0.405, 1.244e-7
0.404, 1.495e-7
0.403, 1.370e-7
0.402, 1.602e-7
0.401, 1.431e-7
0.400, 1.605e-7
0.399, 1.508e-7
0.398, 1.473e-7
0.397, 1.550e-7
0.396, 1.551e-7
0.395, 1.433e-7
0.394, 1.772e-7
0.393, 1.398e-7
0.392, 1.490e-7
0.391, 1.566e-7
0.390, 1.596e-7
0.389, 1.635e-7
0.388, 1.514e-7
0.387, 1.576e-7
0.386, 1.671e-7
0.385, 1.611e-7
0.384, 1.655e-7
0.383, 1.651e-7
0.382, 1.354e-7
0.381, 1.590e-7
0.380, 1.725e-7
0.379, 1.699e-7
0.378, 1.485e-7
0.377, 1.859e-7
0.376, 1.745e-7
0.375, 1.762e-7
0.374, 1.767e-7
0.373, 1.530e-7
0.372, 1.859e-7
0.371, 1.669e-7
0.370, 1.847e-7
0.369, 1.943e-7
0.368, 1.740e-7
0.367, 1.859e-7
0.366, 1.869e-7
0.365, 1.888e-7
0.364, 1.766e-7
0.363, 1.820e-7
0.362, 1.843e-7
0.361, 1.840e-7
0.360, 1.720e-7
0.359, 2.015e-7
0.358, 1.704e-7
0.357, 1.825e-7
0.356, 1.708e-7
0.355, 1.899e-7
0.354, 1.875e-7
0.353, 1.909e-7
0.352, 1.765e-7
0.351, 1.877e-7
0.350, 1.850e-7
0.349, 1.928e-7
0.348, 1.732e-7
0.347, 1.842e-7
0.346, 1.838e-7
0.345, 1.938e-7
0.344, 2.061e-7
0.343, 1.855e-7
0.342, 1.818e-7
0.341, 1.877e-7
0.340, 1.915e-7
0.339, 2.092e-7
0.338, 1.847e-7
0.337, 1.962e-7
0.336, 1.885e-7
0.335, 1.976e-7
0.334, 1.983e-7
0.333, 1.936e-7
0.332, 2.013e-7
0.331, 1.779e-7
0.330, 2.113e-7
0.329, 1.975e-7
0.328, 1.904e-7
0.327, 1.973e-7
0.326, 1.934e-7
0.325, 2.053e-7
0.324, 1.971e-7
0.323, 1.837e-7
0.322, 2.120e-7
0.321, 1.975e-7
0.320, 1.936e-7
0.319, 1.930e-7
0.318, 1.607e-7
0.317, 2.028e-7
0.316, 2.091e-7
0.315, 1.995e-7
0.314, 2.026e-7
0.313, 1.986e-7
0.312, 1.848e-7
0.311, 1.865e-7
0.310, 2.022e-7
0.309, 1.932e-7
0.308, 1.846e-7
0.307, 2.045e-7
0.306, 1.856e-7
0.305, 1.954e-7
0.304, 1.937e-7
0.303, 1.876e-7
0.302, 2.015e-7
0.301, 1.939e-7
0.300, 1.956e-7
0.299, 2.006e-7
0.298, 1.902e-7
0.297, 2.021e-7
0.296, 1.890e-7
0.295, 2.041e-7
0.294, 2.001e-7
0.293, 1.869e-7
0.292, 1.967e-7
0.291, 1.962e-7
0.290, 2.011e-7
0.289, 2.108e-7
0.288, 1.954e-7
0.287, 2.067e-7
0.286, 2.056e-7
0.285, 2.062e-7
0.284, 2.102e-7
0.283, 1.982e-7
0.282, 2.037e-7
0.281, 2.024e-7
0.280, 2.096e-7
0.279, 2.131e-7
0.278, 1.942e-7
0.277, 1.926e-7
0.276, 2.047e-7
0.275, 1.953e-7
0.274, 2.078e-7
0.273, 1.949e-7
0.272, 2.077e-7
0.271, 2.044e-7
0.270, 2.042e-7
0.269, 2.058e-7
0.268, 1.946e-7
0.267, 2.029e-7
0.266, 2.012e-7
0.265, 2.066e-7
0.264, 2.108e-7
0.263, 1.892e-7
0.262, 2.031e-7
0.261, 1.982e-7
0.260, 1.958e-7
0.259, 2.198e-7
0.258, 1.925e-7
0.257, 2.011e-7
0.256, 1.940e-7
0.255, 2.053e-7
0.254, 1.772e-7
0.253, 1.952e-7
0.252, 2.071e-7
0.251, 1.984e-7
0.250, 2.136e-7
0.249, 2.027e-7
0.248, 1.960e-7
0.247, 2.139e-7
0.246, 1.866e-7
0.245, 2.164e-7
0.244, 2.180e-7
0.243, 1.997e-7
0.242, 2.081e-7
0.241, 1.838e-7
0.240, 2.034e-7
0.239, 2.075e-7
0.238, 1.965e-7
0.237, 2.225e-7
0.236, 2.121e-7
0.235, 2.106e-7
0.234, 2.089e-7
0.233, 1.981e-7
0.232, 2.095e-7
0.231, 2.075e-7
0.230, 2.093e-7
0.229, 2.093e-7
0.228, 2.013e-7
0.227, 2.050e-7
0.226, 1.984e-7
0.225, 1.923e-7
0.224, 1.978e-7
0.223, 1.995e-7
0.222, 2.006e-7
0.221, 2.071e-7
0.220, 2.138e-7
0.219, 2.172e-7
0.218, 1.924e-7
0.217, 2.085e-7
0.216, 2.045e-7
0.215, 2.038e-7
0.214, 2.143e-7
0.213, 2.003e-7
0.212, 2.265e-7
0.211, 1.991e-7
0.210, 2.057e-7
0.209, 2.125e-7
0.208, 2.036e-7
0.207, 2.106e-7
0.206, 2.091e-7
0.205, 2.001e-7
0.204, 2.101e-7
0.203, 2.032e-7
0.202, 2.210e-7
0.201, 1.988e-7
0.200, 1.991e-7
0.199, 2.075e-7
0.198, 1.930e-7
0.197, 2.022e-7
0.196, 1.946e-7
0.195, 2.055e-7
0.194, 2.109e-7
0.193, 2.084e-7
0.192, 2.093e-7
0.191, 2.056e-7
0.190, 1.914e-7
0.189, 2.237e-7
0.188, 2.079e-7
0.187, 2.165e-7
0.186, 2.144e-7
0.185, 2.221e-7
0.184, 2.175e-7
0.183, 2.089e-7
0.182, 2.231e-7
0.181, 2.161e-7
0.180, 2.144e-7
0.179, 2.341e-7
0.178, 2.113e-7
0.177, 2.282e-7
0.176, 2.120e-7
0.175, 2.052e-7
0.174, 2.310e-7
0.173, 2.170e-7
0.172, 2.303e-7
0.171, 2.010e-7
0.170, 2.135e-7
0.169, 2.180e-7
0.168, 2.058e-7
0.167, 2.226e-7
0.166, 2.098e-7
0.165, 2.122e-7
0.164, 2.196e-7
0.163, 2.012e-7
0.162, 2.178e-7
0.161, 2.158e-7
0.160, 2.316e-7
0.159, 2.199e-7
0.158, 2.128e-7
0.157, 2.151e-7
0.156, 2.175e-7
0.155, 2.187e-7
0.154, 2.423e-7
0.153, 2.128e-7
0.152, 2.243e-7
0.151, 2.247e-7
0.150, 2.217e-7
0.149, 2.321e-7
0.148, 2.156e-7
0.147, 2.187e-7
0.146, 2.147e-7
0.145, 2.182e-7
0.144, 2.335e-7
0.143, 2.133e-7
0.142, 2.404e-7
0.141, 2.353e-7
0.140, 2.339e-7
0.139, 2.179e-7
0.138, 2.100e-7
0.137, 2.145e-7
0.136, 2.277e-7
0.135, 2.168e-7
0.134, 2.146e-7
0.133, 2.142e-7
0.132, 2.058e-7
0.131, 2.198e-7
0.130, 2.273e-7
0.129, 2.292e-7
0.128, 2.202e-7
0.127, 2.253e-7
0.126, 1.974e-7
0.125, 2.259e-7
0.124, 2.379e-7
0.123, 2.265e-7
0.122, 2.259e-7
0.121, 2.193e-7
0.120, 2.256e-7
0.119, 2.350e-7
0.118, 2.260e-7
0.117, 2.282e-7
0.116, 2.281e-7
0.115, 2.397e-7
0.114, 2.322e-7
0.113, 2.101e-7
0.112, 2.215e-7
0.111, 2.236e-7
0.110, 2.286e-7
0.109, 2.341e-7
0.108, 2.219e-7
0.107, 2.257e-7
0.106, 2.307e-7
0.105, 2.372e-7
0.104, 2.205e-7
0.103, 2.317e-7
0.102, 2.267e-7
0.101, 2.063e-7
0.100, 2.364e-7
0.099, 2.377e-7
0.098, 2.172e-7
0.097, 2.379e-7
0.096, 2.185e-7
0.095, 2.261e-7
0.094, 2.284e-7
0.093, 2.230e-7
0.092, 2.316e-7
0.091, 2.104e-7
0.090, 2.329e-7
0.089, 2.341e-7
0.088, 2.151e-7
0.087, 2.345e-7
0.086, 2.217e-7
0.085, 2.315e-7
0.084, 2.296e-7
0.083, 2.234e-7
0.082, 2.247e-7
0.081, 2.286e-7
0.080, 2.290e-7
0.079, 2.323e-7
0.078, 2.317e-7
0.077, 2.368e-7
0.076, 2.407e-7
0.075, 2.312e-7
0.074, 2.329e-7
0.073, 2.293e-7
0.072, 2.320e-7
0.071, 2.352e-7
0.070, 2.361e-7
0.069, 2.392e-7
0.068, 2.321e-7
0.067, 2.377e-7
0.066, 2.295e-7
0.065, 2.269e-7
0.064, 2.443e-7
0.063, 2.226e-7
0.062, 2.164e-7
0.061, 2.254e-7
0.060, 2.407e-7
0.059, 2.411e-7
0.058, 2.275e-7
0.057, 2.501e-7
0.056, 2.245e-7
0.055, 2.407e-7
0.054, 2.382e-7
0.053, 2.247e-7
0.052, 2.383e-7
0.051, 2.349e-7
0.050, 2.445e-7
0.049, 2.463e-7
0.048, 2.379e-7
0.047, 2.310e-7
0.046, 2.376e-7
0.045, 2.415e-7
0.044, 2.453e-7
0.043, 2.311e-7
0.042, 2.400e-7
0.041, 2.371e-7
0.040, 2.426e-7
0.039, 2.528e-7
0.038, 2.312e-7
0.037, 2.556e-7
0.036, 2.421e-7
0.035, 2.396e-7
0.034, 2.476e-7
0.033, 2.398e-7
0.032, 2.408e-7
0.031, 2.402e-7
0.030, 2.494e-7
0.029, 2.618e-7
0.028, 2.458e-7
0.027, 2.450e-7
0.026, 2.517e-7
0.025, 2.456e-7
0.024, 2.742e-7
0.023, 2.519e-7
0.022, 2.507e-7
0.021, 2.479e-7
0.020, 2.541e-7
0.019, 2.566e-7
0.018, 2.503e-7
0.017, 2.569e-7
0.016, 2.589e-7
0.015, 2.458e-7
0.014, 2.532e-7
0.013, 2.553e-7
0.012, 2.581e-7
0.011, 2.580e-7
0.010, 2.658e-7
0.009, 2.656e-7
0.008, 2.496e-7
0.007, 2.614e-7
0.006, 2.596e-7
0.005, 2.564e-7
0.004, 2.619e-7
0.003, 2.643e-7
0.002, 2.654e-7
0.001, 2.569e-7
0.000, 2.662e-7
-0.001, 2.678e-7
-0.002, 2.197e-7
-0.003, 2.709e-7
-0.004, 2.776e-7
-0.005, 2.668e-7
-0.006, 2.768e-7
-0.007, 2.762e-7
-0.008, 2.760e-7
-0.009, 2.598e-7
-0.010, 2.748e-7
-0.011, 2.744e-7
-0.012, 2.683e-7
-0.013, 2.784e-7
-0.014, 2.646e-7
-0.015, 2.725e-7
-0.016, 2.908e-7
-0.017, 2.602e-7
-0.018, 2.793e-7
-0.019, 2.745e-7
-0.020, 2.614e-7
-0.021, 2.838e-7
-0.022, 2.746e-7
-0.023, 2.778e-7
-0.024, 2.919e-7
-0.025, 2.865e-7
-0.026, 2.828e-7
-0.027, 2.690e-7
-0.028, 2.775e-7
-0.029, 2.809e-7
-0.030, 2.951e-7
-0.031, 2.815e-7
-0.032, 2.759e-7
-0.033, 2.845e-7
-0.034, 2.778e-7
-0.035, 2.869e-7
-0.036, 3.055e-7
-0.037, 2.791e-7
-0.038, 2.822e-7
-0.039, 3.077e-7
-0.040, 2.846e-7
-0.041, 3.041e-7
-0.042, 2.864e-7
-0.043, 2.927e-7
-0.044, 3.028e-7
-0.045, 2.913e-7
-0.046, 3.049e-7
-0.047, 3.025e-7
-0.048, 2.938e-7
-0.049, 2.976e-7
-0.050, 3.114e-7
