-0.049, 4.810e-6
-0.048, 1.871e-6
-0.047, -1.983e-6
-0.046, -5.251e-6
-0.045, -7.651e-6
-0.044, -9.576e-6
-0.043, -1.109e-5
-0.042, -1.218e-5
-0.041, -1.311e-5
-0.040, -1.387e-5
-0.039, -1.442e-5
-0.038, -1.492e-5
-0.037, -1.527e-5
-0.036, -1.555e-5
-0.035, -1.578e-5
-0.034, -1.600e-5
-0.033, -1.620e-5
-0.032, -1.639e-5
-0.031, -1.647e-5
-0.030, -1.656e-5
-0.029, -1.667e-5
-0.028, -1.676e-5
-0.027, -1.685e-5
-0.026, -1.696e-5
-0.025, -1.701e-5
-0.024, -1.709e-5
-0.023, -1.720e-5
-0.022, -1.720e-5
-0.021, -1.726e-5
-0.020, -1.735e-5
-0.019, -1.739e-5
-0.018, -1.734e-5
-0.017, -1.743e-5
-0.016, -1.747e-5
-0.015, -1.756e-5
-0.014, -1.758e-5
-0.013, -1.762e-5
-0.012, -1.767e-5
-0.011, -1.772e-5
-0.010, -1.775e-5
-0.009, -1.784e-5
-0.008, -1.783e-5
-0.007, -1.789e-5
-0.006, -1.792e-5
-0.005, -1.796e-5
-0.004, -1.800e-5
-0.003, -1.802e-5
-0.002, -1.806e-5
-0.001, -1.809e-5
-0.000, -1.819e-5
0.001, -1.765e-5
0.002, -1.733e-5
0.003, -1.734e-5
0.004, -1.751e-5
0.005, -1.755e-5
0.006, -1.761e-5
0.007, -1.751e-5
0.008, -1.764e-5
0.009, -1.776e-5
0.010, -1.785e-5
0.011, -1.785e-5
0.012, -1.788e-5
0.013, -1.795e-5
0.014, -1.799e-5
0.015, -1.800e-5
0.016, -1.802e-5
0.017, -1.806e-5
0.018, -1.806e-5
0.019, -1.804e-5
0.020, -1.814e-5
0.021, -1.817e-5
0.022, -1.818e-5
0.023, -1.813e-5
0.024, -1.813e-5
0.025, -1.813e-5
0.026, -1.814e-5
0.027, -1.812e-5
0.028, -1.818e-5
0.029, -1.826e-5
0.030, -1.822e-5
0.031, -1.827e-5
0.032, -1.819e-5
0.033, -1.818e-5
0.034, -1.808e-5
0.035, -1.805e-5
0.036, -1.812e-5
0.037, -1.810e-5
0.038, -1.808e-5
0.039, -1.813e-5
0.040, -1.827e-5
0.041, -1.824e-5
0.042, -1.826e-5
0.043, -1.817e-5
0.044, -1.812e-5
0.045, -1.812e-5
0.046, -1.811e-5
0.047, -1.807e-5
0.048, -1.809e-5
0.049, -1.813e-5
0.050, -1.808e-5
0.051, -1.806e-5
0.052, -1.807e-5
0.053, -1.806e-5
0.054, -1.806e-5
0.055, -1.804e-5
0.056, -1.803e-5
0.057, -1.807e-5
0.058, -1.808e-5
0.059, -1.808e-5
0.060, -1.811e-5
0.061, -1.810e-5
0.062, -1.806e-5
0.063, -1.808e-5
0.064, -1.820e-5
0.065, -1.777e-5
0.066, -1.754e-5
0.067, -1.765e-5
0.068, -1.767e-5
0.069, -1.777e-5
0.070, -1.781e-5
0.071, -1.794e-5
0.072, -1.795e-5
0.073, -1.793e-5
0.074, -1.796e-5
0.075, -1.796e-5
0.076, -1.798e-5
0.077, -1.809e-5
0.078, -1.817e-5
0.079, -1.809e-5
0.080, -1.807e-5
0.081, -1.807e-5
0.082, -1.809e-5
0.083, -1.810e-5
0.084, -1.816e-5
0.085, -1.813e-5
0.086, -1.819e-5
0.087, -1.820e-5
0.088, -1.817e-5
0.089, -1.814e-5
0.090, -1.817e-5
0.091, -1.811e-5
0.092, -1.806e-5
0.093, -1.808e-5
0.094, -1.812e-5
0.095, -1.815e-5
0.096, -1.813e-5
0.097, -1.814e-5
0.098, -1.808e-5
0.099, -1.806e-5
0.100, -1.805e-5
0.101, -1.802e-5
0.102, -1.799e-5
0.103, -1.797e-5
0.104, -1.806e-5
0.105, -1.803e-5
0.106, -1.806e-5
0.107, -1.804e-5
0.108, -1.810e-5
0.109, -1.809e-5
0.110, -1.805e-5
0.111, -1.808e-5
0.112, -1.808e-5
0.113, -1.809e-5
0.114, -1.822e-5
0.115, -1.817e-5
0.116, -1.811e-5
0.117, -1.809e-5
0.118, -1.811e-5
0.119, -1.812e-5
0.120, -1.812e-5
0.121, -1.817e-5
0.122, -1.816e-5
0.123, -1.822e-5
0.124, -1.828e-5
0.125, -1.826e-5
0.126, -1.821e-5
0.127, -1.821e-5
0.128, -1.826e-5
0.129, -1.777e-5
0.130, -1.746e-5
0.131, -1.746e-5
0.132, -1.760e-5
0.133, -1.772e-5
0.134, -1.777e-5
0.135, -1.783e-5
0.136, -1.792e-5
0.137, -1.798e-5
0.138, -1.801e-5
0.139, -1.808e-5
0.140, -1.807e-5
0.141, -1.809e-5
0.142, -1.807e-5
0.143, -1.806e-5
0.144, -1.809e-5
0.145, -1.813e-5
0.146, -1.816e-5
0.147, -1.816e-5
0.148, -1.815e-5
0.149, -1.818e-5
0.150, -1.821e-5
0.151, -1.822e-5
0.152, -1.817e-5
0.153, -1.819e-5
0.154, -1.823e-5
0.155, -1.826e-5
0.156, -1.828e-5
0.157, -1.834e-5
0.158, -1.831e-5
0.159, -1.826e-5
0.160, -1.825e-5
0.161, -1.829e-5
0.162, -1.834e-5
0.163, -1.835e-5
0.164, -1.832e-5
0.165, -1.833e-5
0.166, -1.833e-5
0.167, -1.832e-5
0.168, -1.836e-5
0.169, -1.840e-5
0.170, -1.836e-5
0.171, -1.839e-5
0.172, -1.841e-5
0.173, -1.836e-5
0.174, -1.839e-5
0.175, -1.838e-5
0.176, -1.842e-5
0.177, -1.843e-5
0.178, -1.842e-5
0.179, -1.848e-5
0.180, -1.844e-5
0.181, -1.849e-5
0.182, -1.854e-5
0.183, -1.851e-5
0.184, -1.856e-5
0.185, -1.861e-5
0.186, -1.864e-5
0.187, -1.866e-5
0.188, -1.863e-5
0.189, -1.863e-5
0.190, -1.868e-5
0.191, -1.877e-5
0.192, -1.887e-5
0.193, -1.843e-5
0.194, -1.820e-5
0.195, -1.822e-5
0.196, -1.828e-5
0.197, -1.841e-5
0.198, -1.843e-5
0.199, -1.846e-5
0.200, -1.854e-5
0.201, -1.863e-5
0.202, -1.867e-5
0.203, -1.873e-5
0.204, -1.869e-5
0.205, -1.873e-5
0.206, -1.879e-5
0.207, -1.884e-5
0.208, -1.889e-5
0.209, -1.891e-5
0.210, -1.889e-5
0.211, -1.901e-5
0.212, -1.899e-5
0.213, -1.906e-5
0.214, -1.907e-5
0.215, -1.909e-5
0.216, -1.911e-5
0.217, -1.918e-5
0.218, -1.917e-5
0.219, -1.916e-5
0.220, -1.918e-5
0.221, -1.918e-5
0.222, -1.927e-5
0.223, -1.932e-5
0.224, -1.939e-5
0.225, -1.944e-5
0.226, -1.938e-5
0.227, -1.942e-5
0.228, -1.942e-5
0.229, -1.945e-5
0.230, -1.950e-5
0.231, -1.958e-5
0.232, -1.967e-5
0.233, -1.965e-5
0.234, -1.962e-5
0.235, -1.957e-5
0.236, -1.959e-5
0.237, -1.971e-5
0.238, -1.971e-5
0.239, -1.979e-5
0.240, -1.981e-5
0.241, -1.983e-5
0.242, -1.990e-5
0.243, -1.993e-5
0.244, -2.005e-5
0.245, -2.003e-5
0.246, -2.000e-5
0.247, -1.999e-5
0.248, -2.005e-5
0.249, -2.010e-5
0.250, -2.026e-5
0.251, -2.024e-5
0.252, -2.032e-5
0.253, -2.035e-5
0.254, -2.038e-5
0.255, -2.038e-5
0.256, -2.044e-5
0.257, -1.994e-5
0.258, -1.976e-5
0.259, -1.990e-5
0.260, -1.998e-5
0.261, -2.011e-5
0.262, -2.022e-5
0.263, -2.025e-5
0.264, -2.036e-5
0.265, -2.039e-5
0.266, -2.044e-5
0.267, -2.051e-5
0.268, -2.060e-5
0.269, -2.061e-5
0.270, -2.073e-5
0.271, -2.077e-5
0.272, -2.083e-5
0.273, -2.078e-5
0.274, -2.084e-5
0.275, -2.088e-5
0.276, -2.089e-5
0.277, -2.101e-5
0.278, -2.103e-5
0.279, -2.109e-5
0.280, -2.104e-5
0.281, -2.108e-5
0.282, -2.112e-5
0.283, -2.115e-5
0.284, -2.119e-5
0.285, -2.127e-5
0.286, -2.127e-5
0.287, -2.133e-5
0.288, -2.133e-5
0.289, -2.132e-5
0.290, -2.134e-5
0.291, -2.140e-5
0.292, -2.139e-5
0.293, -2.144e-5
0.294, -2.146e-5
0.295, -2.144e-5
0.296, -2.147e-5
0.297, -2.150e-5
0.298, -2.153e-5
0.299, -2.155e-5
0.300, -2.167e-5
0.301, -2.172e-5
0.302, -2.170e-5
0.303, -2.168e-5
0.304, -2.178e-5
0.305, -2.179e-5
0.306, -2.184e-5
0.307, -2.192e-5
0.308, -2.200e-5
0.309, -2.204e-5
0.310, -2.208e-5
0.311, -2.212e-5
0.312, -2.221e-5
0.313, -2.226e-5
0.314, -2.231e-5
0.315, -2.234e-5
0.316, -2.236e-5
0.317, -2.241e-5
0.318, -2.248e-5
0.319, -2.256e-5
0.320, -2.263e-5
0.321, -2.217e-5
0.322, -2.204e-5
0.323, -2.206e-5
0.324, -2.216e-5
0.325, -2.233e-5
0.326, -2.243e-5
0.327, -2.259e-5
0.328, -2.267e-5
0.329, -2.273e-5
0.330, -2.282e-5
0.331, -2.291e-5
0.332, -2.294e-5
0.333, -2.304e-5
0.334, -2.311e-5
0.335, -2.319e-5
0.336, -2.314e-5
0.337, -2.326e-5
0.338, -2.330e-5
0.339, -2.341e-5
0.340, -2.353e-5
0.341, -2.359e-5
0.342, -2.363e-5
0.343, -2.374e-5
0.344, -2.375e-5
0.345, -2.382e-5
0.346, -2.385e-5
0.347, -2.390e-5
0.348, -2.392e-5
0.349, -2.394e-5
0.350, -2.398e-5
0.351, -2.404e-5
0.352, -2.408e-5
0.353, -2.419e-5
0.354, -2.422e-5
0.355, -2.426e-5
0.356, -2.431e-5
0.357, -2.435e-5
0.358, -2.442e-5
0.359, -2.451e-5
0.360, -2.458e-5
0.361, -2.457e-5
0.362, -2.459e-5
0.363, -2.461e-5
0.364, -2.467e-5
0.365, -2.470e-5
0.366, -2.471e-5
0.367, -2.472e-5
0.368, -2.473e-5
0.369, -2.476e-5
0.370, -2.477e-5
0.371, -2.478e-5
0.372, -2.479e-5
0.373, -2.478e-5
0.374, -2.479e-5
0.375, -2.479e-5
0.376, -2.479e-5
0.377, -2.479e-5
0.378, -2.479e-5
0.379, -2.479e-5
0.380, -2.479e-5
0.381, -2.479e-5
0.382, -2.479e-5
0.383, -2.479e-5
0.384, -2.479e-5
0.385, -2.479e-5
0.386, -2.479e-5
0.387, -2.479e-5
0.388, -2.479e-5
0.389, -2.479e-5
0.390, -2.479e-5
0.391, -2.479e-5
0.392, -2.479e-5
0.393, -2.479e-5
0.394, -2.479e-5
0.395, -2.479e-5
0.396, -2.479e-5
0.397, -2.479e-5
0.398, -2.479e-5
0.399, -2.479e-5
0.400, -2.479e-5
0.401, -2.479e-5
0.402, -2.479e-5
0.403, -2.479e-5
0.404, -2.479e-5
0.405, -2.479e-5
0.406, -2.479e-5
0.407, -2.479e-5
0.408, -2.479e-5
0.409, -2.479e-5
0.410, -2.479e-5
0.411, -2.479e-5
0.412, -2.479e-5
0.413, -2.479e-5
0.414, -2.479e-5
0.415, -2.479e-5
0.416, -2.479e-5
0.417, -2.479e-5
0.418, -2.479e-5
0.419, -2.479e-5
0.420, -2.479e-5
0.421, -2.479e-5
0.422, -2.479e-5
0.423, -2.479e-5
0.424, -2.479e-5
0.425, -2.479e-5
0.426, -2.479e-5
0.427, -2.479e-5
0.428, -2.479e-5
0.429, -2.479e-5
0.430, -2.479e-5
0.431, -2.479e-5
0.432, -2.479e-5
0.433, -2.479e-5
0.434, -2.479e-5
0.435, -2.479e-5
0.436, -2.479e-5
0.437, -2.479e-5
0.438, -2.479e-5
0.439, -2.479e-5
0.440, -2.479e-5
0.441, -2.479e-5
0.442, -2.479e-5
0.443, -2.479e-5
0.444, -2.479e-5
0.445, -2.479e-5
0.446, -2.479e-5
0.447, -2.479e-5
0.448, -2.479e-5
0.449, -2.479e-5
0.450, -2.479e-5
0.449, -2.479e-5
0.448, -2.479e-5
0.447, -2.479e-5
0.446, -2.479e-5
0.445, -2.479e-5
0.444, -2.479e-5
0.443, -2.479e-5
0.442, -2.068e-5
0.441, -1.415e-5
0.440, -8.791e-6
0.439, -4.541e-6
0.438, -1.152e-6
0.437, 1.521e-6
0.436, 3.580e-6
0.435, 5.288e-6
0.434, 6.626e-6
0.433, 7.748e-6
0.432, 8.646e-6
0.431, 9.425e-6
0.430, 1.002e-5
0.429, 1.063e-5
0.428, 1.110e-5
0.427, 1.153e-5
0.426, 1.189e-5
0.425, 1.225e-5
0.424, 1.254e-5
0.423, 1.284e-5
0.422, 1.305e-5
0.421, 1.327e-5
0.420, 1.351e-5
0.419, 1.378e-5
0.418, 1.397e-5
0.417, 1.409e-5
0.416, 1.425e-5
0.415, 1.448e-5
0.414, 1.467e-5
0.413, 1.487e-5
0.412, 1.504e-5
0.411, 1.513e-5
0.410, 1.527e-5
0.409, 1.541e-5
0.408, 1.560e-5
0.407, 1.574e-5
0.406, 1.585e-5
0.405, 1.594e-5
0.404, 1.601e-5
0.403, 1.607e-5
0.402, 1.621e-5
0.401, 1.634e-5
0.400, 1.643e-5
0.399, 1.655e-5
0.398, 1.665e-5
0.397, 1.669e-5
0.396, 1.673e-5
0.395, 1.686e-5
0.394, 1.697e-5
0.393, 1.706e-5
0.392, 1.707e-5
0.391, 1.712e-5
0.390, 1.717e-5
0.389, 1.725e-5
0.388, 1.731e-5
0.387, 1.732e-5
0.386, 1.736e-5
0.385, 1.737e-5
0.384, 1.740e-5
0.383, 1.741e-5
0.382, 1.690e-5
0.381, 1.693e-5
0.380, 1.731e-5
0.379, 1.753e-5
0.378, 1.772e-5
0.377, 1.792e-5
0.376, 1.812e-5
0.375, 1.815e-5
0.374, 1.823e-5
0.373, 1.829e-5
0.372, 1.835e-5
0.371, 1.843e-5
0.370, 1.837e-5
0.369, 1.848e-5
0.368, 1.858e-5
0.367, 1.859e-5
0.366, 1.854e-5
0.365, 1.858e-5
0.364, 1.862e-5
0.363, 1.870e-5
0.362, 1.875e-5
0.361, 1.875e-5
0.360, 1.876e-5
0.359, 1.874e-5
0.358, 1.872e-5
0.357, 1.878e-5
0.356, 1.881e-5
0.355, 1.889e-5
0.354, 1.891e-5
0.353, 1.888e-5
0.352, 1.894e-5
0.351, 1.899e-5
0.350, 1.903e-5
0.349, 1.909e-5
0.348, 1.907e-5
0.347, 1.910e-5
0.346, 1.911e-5
0.345, 1.905e-5
0.344, 1.910e-5
0.343, 1.916e-5
0.342, 1.914e-5
0.341, 1.913e-5
0.340, 1.914e-5
0.339, 1.916e-5
0.338, 1.928e-5
0.337, 1.931e-5
0.336, 1.930e-5
0.335, 1.930e-5
0.334, 1.932e-5
0.333, 1.931e-5
0.332, 1.932e-5
0.331, 1.929e-5
0.330, 1.933e-5
0.329, 1.931e-5
0.328, 1.934e-5
0.327, 1.927e-5
0.326, 1.930e-5
0.325, 1.932e-5
0.324, 1.930e-5
0.323, 1.928e-5
0.322, 1.927e-5
0.321, 1.917e-5
0.320, 1.916e-5
0.319, 1.915e-5
0.318, 1.873e-5
0.317, 1.870e-5
0.316, 1.890e-5
0.315, 1.908e-5
0.314, 1.920e-5
0.313, 1.929e-5
0.312, 1.931e-5
0.311, 1.938e-5
0.310, 1.944e-5
0.309, 1.944e-5
0.308, 1.938e-5
0.307, 1.943e-5
0.306, 1.943e-5
0.305, 1.944e-5
0.304, 1.946e-5
0.303, 1.946e-5
0.302, 1.937e-5
0.301, 1.944e-5
0.300, 1.943e-5
0.299, 1.946e-5
0.298, 1.942e-5
0.297, 1.937e-5
0.296, 1.940e-5
0.295, 1.942e-5
0.294, 1.934e-5
0.293, 1.948e-5
0.292, 1.950e-5
0.291, 1.942e-5
0.290, 1.945e-5
0.289, 1.941e-5
0.288, 1.943e-5
0.287, 1.947e-5
0.286, 1.948e-5
0.285, 1.950e-5
0.284, 1.952e-5
0.283, 1.945e-5
0.282, 1.947e-5
0.281, 1.943e-5
0.280, 1.947e-5
0.279, 1.952e-5
0.278, 1.947e-5
0.277, 1.953e-5
0.276, 1.954e-5
0.275, 1.956e-5
0.274, 1.951e-5
0.273, 1.952e-5
0.272, 1.947e-5
0.271, 1.947e-5
0.270, 1.952e-5
0.269, 1.957e-5
0.268, 1.950e-5
0.267, 1.948e-5
0.266, 1.949e-5
0.265, 1.955e-5
0.264, 1.947e-5
0.263, 1.947e-5
0.262, 1.949e-5
0.261, 1.948e-5
0.260, 1.948e-5
0.259, 1.948e-5
0.258, 1.948e-5
0.257, 1.948e-5
0.256, 1.946e-5
0.255, 1.939e-5
0.254, 1.884e-5
0.253, 1.874e-5
0.252, 1.901e-5
0.251, 1.923e-5
0.250, 1.931e-5
0.249, 1.938e-5
0.248, 1.946e-5
0.247, 1.944e-5
0.246, 1.949e-5
0.245, 1.949e-5
0.244, 1.952e-5
0.243, 1.958e-5
0.242, 1.956e-5
0.241, 1.958e-5
0.240, 1.962e-5
0.239, 1.966e-5
0.238, 1.962e-5
0.237, 1.961e-5
0.236, 1.955e-5
0.235, 1.961e-5
0.234, 1.959e-5
0.233, 1.965e-5
0.232, 1.968e-5
0.231, 1.971e-5
0.230, 1.964e-5
0.229, 1.958e-5
0.228, 1.953e-5
0.227, 1.958e-5
0.226, 1.963e-5
0.225, 1.968e-5
0.224, 1.969e-5
0.223, 1.968e-5
0.222, 1.970e-5
0.221, 1.969e-5
0.220, 1.977e-5
0.219, 1.971e-5
0.218, 1.975e-5
0.217, 1.981e-5
0.216, 1.977e-5
0.215, 1.976e-5
0.214, 1.970e-5
0.213, 1.974e-5
0.212, 1.975e-5
0.211, 1.979e-5
0.210, 1.975e-5
0.209, 1.978e-5
0.208, 1.976e-5
0.207, 1.980e-5
0.206, 1.983e-5
0.205, 1.987e-5
0.204, 1.986e-5
0.203, 1.981e-5
0.202, 1.981e-5
0.201, 1.983e-5
0.200, 1.984e-5
0.199, 1.983e-5
0.198, 1.978e-5
0.197, 1.977e-5
0.196, 1.977e-5
0.195, 1.971e-5
0.194, 1.972e-5
0.193, 1.967e-5
0.192, 1.962e-5
0.191, 1.963e-5
0.190, 1.920e-5
0.189, 1.912e-5
0.188, 1.935e-5
0.187, 1.957e-5
0.186, 1.965e-5
0.185, 1.981e-5
0.184, 1.983e-5
0.183, 1.984e-5
0.182, 1.990e-5
0.181, 1.996e-5
0.180, 2.000e-5
0.179, 2.000e-5
0.178, 1.997e-5
0.177, 2.001e-5
0.176, 2.001e-5
0.175, 2.001e-5
0.174, 2.003e-5
0.173, 2.006e-5
0.172, 2.002e-5
0.171, 2.006e-5
0.170, 2.002e-5
0.169, 2.006e-5
0.168, 2.012e-5
0.167, 2.022e-5
0.166, 2.022e-5
0.165, 2.012e-5
0.164, 2.017e-5
0.163, 2.024e-5
0.162, 2.019e-5
0.161, 2.020e-5
0.160, 2.015e-5
0.159, 2.016e-5
0.158, 2.023e-5
0.157, 2.021e-5
0.156, 2.026e-5
0.155, 2.025e-5
0.154, 2.021e-5
0.153, 2.024e-5
0.152, 2.022e-5
0.151, 2.036e-5
0.150, 2.039e-5
0.149, 2.032e-5
0.148, 2.032e-5
0.147, 2.036e-5
0.146, 2.041e-5
0.145, 2.045e-5
0.144, 2.042e-5
0.143, 2.040e-5
0.142, 2.044e-5
0.141, 2.050e-5
0.140, 2.046e-5
0.139, 2.047e-5
0.138, 2.046e-5
0.137, 2.047e-5
0.136, 2.047e-5
0.135, 2.042e-5
0.134, 2.044e-5
0.133, 2.045e-5
0.132, 2.052e-5
0.131, 2.056e-5
0.130, 2.053e-5
0.129, 2.049e-5
0.128, 2.052e-5
0.127, 2.045e-5
0.126, 1.995e-5
0.125, 1.995e-5
0.124, 2.015e-5
0.123, 2.042e-5
0.122, 2.056e-5
0.121, 2.066e-5
0.120, 2.070e-5
0.119, 2.081e-5
0.118, 2.082e-5
0.117, 2.088e-5
0.116, 2.089e-5
0.115, 2.090e-5
0.114, 2.097e-5
0.113, 2.096e-5
0.112, 2.096e-5
0.111, 2.100e-5
0.110, 2.111e-5
0.109, 2.110e-5
0.108, 2.109e-5
0.107, 2.112e-5
0.106, 2.110e-5
0.105, 2.113e-5
0.104, 2.120e-5
0.103, 2.123e-5
0.102, 2.127e-5
0.101, 2.127e-5
0.100, 2.131e-5
0.099, 2.135e-5
0.098, 2.140e-5
0.097, 2.142e-5
0.096, 2.147e-5
0.095, 2.145e-5
0.094, 2.147e-5
0.093, 2.145e-5
0.092, 2.149e-5
0.091, 2.160e-5
0.090, 2.167e-5
0.089, 2.165e-5
0.088, 2.172e-5
0.087, 2.176e-5
0.086, 2.175e-5
0.085, 2.181e-5
0.084, 2.184e-5
0.083, 2.187e-5
0.082, 2.192e-5
0.081, 2.193e-5
0.080, 2.199e-5
0.079, 2.200e-5
0.078, 2.199e-5
0.077, 2.206e-5
0.076, 2.207e-5
0.075, 2.210e-5
0.074, 2.218e-5
0.073, 2.221e-5
0.072, 2.226e-5
0.071, 2.228e-5
0.070, 2.227e-5
0.069, 2.225e-5
0.068, 2.232e-5
0.067, 2.236e-5
0.066, 2.240e-5
0.065, 2.233e-5
0.064, 2.237e-5
0.063, 2.240e-5
0.062, 2.201e-5
0.061, 2.196e-5
0.060, 2.220e-5
0.059, 2.242e-5
0.058, 2.261e-5
0.057, 2.268e-5
0.056, 2.272e-5
0.055, 2.276e-5
0.054, 2.287e-5
0.053, 2.294e-5
0.052, 2.307e-5
0.051, 2.306e-5
0.050, 2.308e-5
0.049, 2.307e-5
0.048, 2.318e-5
0.047, 2.327e-5
0.046, 2.326e-5
0.045, 2.332e-5
0.044, 2.340e-5
0.043, 2.352e-5
0.042, 2.352e-5
0.041, 2.350e-5
0.040, 2.361e-5
0.039, 2.374e-5
0.038, 2.375e-5
0.037, 2.377e-5
0.036, 2.380e-5
0.035, 2.394e-5
0.034, 2.394e-5
0.033, 2.396e-5
0.032, 2.405e-5
0.031, 2.417e-5
0.030, 2.423e-5
0.029, 2.427e-5
0.028, 2.429e-5
0.027, 2.428e-5
0.026, 2.433e-5
0.025, 2.438e-5
0.024, 2.448e-5
0.023, 2.457e-5
0.022, 2.465e-5
0.021, 2.475e-5
0.020, 2.478e-5
0.019, 2.484e-5
0.018, 2.487e-5
0.017, 2.489e-5
0.016, 2.493e-5
0.015, 2.494e-5
0.014, 2.496e-5
0.013, 2.498e-5
0.012, 2.500e-5
0.011, 2.500e-5
0.010, 2.501e-5
0.009, 2.501e-5
0.008, 2.501e-5
0.007, 2.501e-5
0.006, 2.501e-5
0.005, 2.501e-5
0.004, 2.501e-5
0.003, 2.501e-5
0.002, 2.501e-5
0.001, 2.502e-5
0.000, 2.501e-5
-0.001, 2.501e-5
-0.002, 2.501e-5
-0.003, 2.501e-5
-0.004, 2.501e-5
-0.005, 2.501e-5
-0.006, 2.501e-5
-0.007, 2.501e-5
-0.008, 2.501e-5
-0.009, 2.501e-5
-0.010, 2.501e-5
-0.011, 2.501e-5
-0.012, 2.501e-5
-0.013, 2.501e-5
-0.014, 2.501e-5
-0.015, 2.501e-5
-0.016, 2.501e-5
-0.017, 2.501e-5
-0.018, 2.501e-5
-0.019, 2.501e-5
-0.020, 2.501e-5
-0.021, 2.501e-5
-0.022, 2.501e-5
-0.023, 2.501e-5
-0.024, 2.501e-5
-0.025, 2.501e-5
-0.026, 2.501e-5
-0.027, 2.501e-5
-0.028, 2.501e-5
-0.029, 2.501e-5
-0.030, 2.501e-5
-0.031, 2.501e-5
-0.032, 2.501e-5
-0.033, 2.501e-5
-0.034, 2.501e-5
-0.035, 2.501e-5
-0.036, 2.501e-5
-0.037, 2.501e-5
-0.038, 2.501e-5
-0.039, 2.501e-5
-0.040, 2.501e-5
-0.041, 2.501e-5
-0.042, 2.501e-5
-0.043, 2.501e-5
-0.044, 2.501e-5
-0.045, 2.501e-5
-0.046, 2.501e-5
-0.047, 2.501e-5
-0.048, 2.501e-5
-0.049, 2.501e-5
-0.050, 2.501e-5
