-0.049, 8.349e-7
-0.048, -1.984e-6
-0.047, -5.841e-6
-0.046, -9.108e-6
-0.045, -1.181e-5
-0.044, -1.396e-5
-0.043, -1.577e-5
-0.042, -1.731e-5
-0.041, -1.853e-5
-0.040, -1.957e-5
-0.039, -2.043e-5
-0.038, -2.117e-5
-0.037, -2.179e-5
-0.036, -2.234e-5
-0.035, -2.281e-5
-0.034, -2.313e-5
-0.033, -2.349e-5
-0.032, -2.375e-5
-0.031, -2.402e-5
-0.030, -2.418e-5
-0.029, -2.432e-5
-0.028, -2.450e-5
-0.027, -2.457e-5
-0.026, -2.463e-5
-0.025, -2.466e-5
-0.024, -2.468e-5
-0.023, -2.469e-5
-0.022, -2.472e-5
-0.021, -2.472e-5
-0.020, -2.473e-5
-0.019, -2.474e-5
-0.018, -2.475e-5
-0.017, -2.477e-5
-0.016, -2.477e-5
-0.015, -2.478e-5
-0.014, -2.477e-5
-0.013, -2.478e-5
-0.012, -2.478e-5
-0.011, -2.478e-5
-0.010, -2.478e-5
-0.009, -2.478e-5
-0.008, -2.479e-5
-0.007, -2.479e-5
-0.006, -2.479e-5
-0.005, -2.479e-5
-0.004, -2.479e-5
-0.003, -2.479e-5
-0.002, -2.479e-5
-0.001, -2.479e-5
-0.000, -2.479e-5
0.001, -2.475e-5
0.002, -2.474e-5
0.003, -2.474e-5
0.004, -2.473e-5
0.005, -2.472e-5
0.006, -2.472e-5
0.007, -2.472e-5
0.008, -2.470e-5
0.009, -2.470e-5
0.010, -2.468e-5
0.011, -2.466e-5
0.012, -2.467e-5
0.013, -2.465e-5
0.014, -2.467e-5
0.015, -2.463e-5
0.016, -2.462e-5
0.017, -2.462e-5
0.018, -2.463e-5
0.019, -2.462e-5
0.020, -2.461e-5
0.021, -2.461e-5
0.022, -2.460e-5
0.023, -2.459e-5
0.024, -2.456e-5
0.025, -2.452e-5
0.026, -2.450e-5
0.027, -2.456e-5
0.028, -2.456e-5
0.029, -2.457e-5
0.030, -2.454e-5
0.031, -2.450e-5
0.032, -2.445e-5
0.033, -2.442e-5
0.034, -2.435e-5
0.035, -2.436e-5
0.036, -2.434e-5
0.037, -2.423e-5
0.038, -2.418e-5
0.039, -2.417e-5
0.040, -2.416e-5
0.041, -2.418e-5
0.042, -2.419e-5
0.043, -2.413e-5
0.044, -2.414e-5
0.045, -2.414e-5
0.046, -2.414e-5
0.047, -2.406e-5
0.048, -2.407e-5
0.049, -2.403e-5
0.050, -2.400e-5
0.051, -2.407e-5
0.052, -2.404e-5
0.053, -2.396e-5
0.054, -2.392e-5
0.055, -2.399e-5
0.056, -2.397e-5
0.057, -2.400e-5
0.058, -2.401e-5
0.059, -2.392e-5
0.060, -2.393e-5
0.061, -2.394e-5
0.062, -2.397e-5
0.063, -2.395e-5
0.064, -2.398e-5
0.065, -2.355e-5
0.066, -2.335e-5
0.067, -2.338e-5
0.068, -2.351e-5
0.069, -2.353e-5
0.070, -2.353e-5
0.071, -2.353e-5
0.072, -2.356e-5
0.073, -2.360e-5
0.074, -2.359e-5
0.075, -2.368e-5
0.076, -2.371e-5
0.077, -2.371e-5
0.078, -2.370e-5
0.079, -2.379e-5
0.080, -2.376e-5
0.081, -2.378e-5
0.082, -2.374e-5
0.083, -2.376e-5
0.084, -2.379e-5
0.085, -2.379e-5
0.086, -2.377e-5
0.087, -2.380e-5
0.088, -2.377e-5
0.089, -2.379e-5
0.090, -2.378e-5
0.091, -2.374e-5
0.092, -2.370e-5
0.093, -2.370e-5
0.094, -2.374e-5
0.095, -2.373e-5
0.096, -2.368e-5
0.097, -2.370e-5
0.098, -2.369e-5
0.099, -2.370e-5
0.100, -2.365e-5
0.101, -2.365e-5
0.102, -2.366e-5
0.103, -2.362e-5
0.104, -2.367e-5
0.105, -2.363e-5
0.106, -2.362e-5
0.107, -2.363e-5
0.108, -2.359e-5
0.109, -2.360e-5
0.110, -2.359e-5
0.111, -2.356e-5
0.112, -2.355e-5
0.113, -2.350e-5
0.114, -2.357e-5
0.115, -2.357e-5
0.116, -2.356e-5
0.117, -2.355e-5
0.118, -2.348e-5
0.119, -2.351e-5
0.120, -2.354e-5
0.121, -2.355e-5
0.122, -2.358e-5
0.123, -2.359e-5
0.124, -2.349e-5
0.125, -2.344e-5
0.126, -2.349e-5
0.127, -2.350e-5
0.128, -2.353e-5
0.129, -2.304e-5
0.130, -2.278e-5
0.131, -2.288e-5
0.132, -2.297e-5
0.133, -2.299e-5
0.134, -2.295e-5
0.135, -2.305e-5
0.136, -2.307e-5
0.137, -2.310e-5
0.138, -2.316e-5
0.139, -2.313e-5
0.140, -2.320e-5
0.141, -2.321e-5
0.142, -2.316e-5
0.143, -2.325e-5
0.144, -2.325e-5
0.145, -2.329e-5
0.146, -2.331e-5
0.147, -2.327e-5
0.148, -2.325e-5
0.149, -2.327e-5
0.150, -2.327e-5
0.151, -2.329e-5
0.152, -2.328e-5
0.153, -2.328e-5
0.154, -2.328e-5
0.155, -2.327e-5
0.156, -2.328e-5
0.157, -2.321e-5
0.158, -2.329e-5
0.159, -2.331e-5
0.160, -2.319e-5
0.161, -2.321e-5
0.162, -2.322e-5
0.163, -2.323e-5
0.164, -2.326e-5
0.165, -2.325e-5
0.166, -2.319e-5
0.167, -2.319e-5
0.168, -2.322e-5
0.169, -2.325e-5
0.170, -2.323e-5
0.171, -2.327e-5
0.172, -2.326e-5
0.173, -2.327e-5
0.174, -2.320e-5
0.175, -2.320e-5
0.176, -2.314e-5
0.177, -2.312e-5
0.178, -2.316e-5
0.179, -2.316e-5
0.180, -2.319e-5
0.181, -2.316e-5
0.182, -2.319e-5
0.183, -2.323e-5
0.184, -2.323e-5
0.185, -2.324e-5
0.186, -2.328e-5
0.187, -2.334e-5
0.188, -2.332e-5
0.189, -2.336e-5
0.190, -2.331e-5
0.191, -2.330e-5
0.192, -2.340e-5
0.193, -2.298e-5
0.194, -2.277e-5
0.195, -2.273e-5
0.196, -2.277e-5
0.197, -2.282e-5
0.198, -2.291e-5
0.199, -2.293e-5
0.200, -2.298e-5
0.201, -2.303e-5
0.202, -2.310e-5
0.203, -2.313e-5
0.204, -2.316e-5
0.205, -2.323e-5
0.206, -2.323e-5
0.207, -2.328e-5
0.208, -2.325e-5
0.209, -2.330e-5
0.210, -2.337e-5
0.211, -2.337e-5
0.212, -2.338e-5
0.213, -2.342e-5
0.214, -2.346e-5
0.215, -2.346e-5
0.216, -2.347e-5
0.217, -2.348e-5
0.218, -2.344e-5
0.219, -2.354e-5
0.220, -2.351e-5
0.221, -2.352e-5
0.222, -2.351e-5
0.223, -2.355e-5
0.224, -2.360e-5
0.225, -2.372e-5
0.226, -2.372e-5
0.227, -2.369e-5
0.228, -2.367e-5
0.229, -2.371e-5
0.230, -2.370e-5
0.231, -2.364e-5
0.232, -2.368e-5
0.233, -2.374e-5
0.234, -2.370e-5
0.235, -2.374e-5
0.236, -2.380e-5
0.237, -2.380e-5
0.238, -2.384e-5
0.239, -2.387e-5
0.240, -2.394e-5
0.241, -2.389e-5
0.242, -2.390e-5
0.243, -2.397e-5
0.244, -2.402e-5
0.245, -2.403e-5
0.246, -2.408e-5
0.247, -2.411e-5
0.248, -2.420e-5
0.249, -2.419e-5
0.250, -2.431e-5
0.251, -2.435e-5
0.252, -2.436e-5
0.253, -2.440e-5
0.254, -2.441e-5
0.255, -2.447e-5
0.256, -2.455e-5
0.257, -2.408e-5
0.258, -2.389e-5
0.259, -2.403e-5
0.260, -2.418e-5
0.261, -2.425e-5
0.262, -2.434e-5
0.263, -2.439e-5
0.264, -2.440e-5
0.265, -2.455e-5
0.266, -2.456e-5
0.267, -2.459e-5
0.268, -2.462e-5
0.269, -2.468e-5
0.270, -2.468e-5
0.271, -2.469e-5
0.272, -2.471e-5
0.273, -2.474e-5
0.274, -2.476e-5
0.275, -2.476e-5
0.276, -2.476e-5
0.277, -2.477e-5
0.278, -2.478e-5
0.279, -2.478e-5
0.280, -2.478e-5
0.281, -2.478e-5
0.282, -2.478e-5
0.283, -2.478e-5
0.284, -2.478e-5
0.285, -2.478e-5
0.286, -2.478e-5
0.287, -2.478e-5
0.288, -2.478e-5
0.289, -2.478e-5
0.290, -2.478e-5
0.291, -2.478e-5
0.292, -2.478e-5
0.293, -2.478e-5
0.294, -2.478e-5
0.295, -2.478e-5
0.296, -2.478e-5
0.297, -2.478e-5
0.298, -2.479e-5
0.299, -2.479e-5
0.300, -2.479e-5
0.301, -2.479e-5
0.302, -2.479e-5
0.303, -2.479e-5
0.304, -2.479e-5
0.305, -2.479e-5
0.306, -2.479e-5
0.307, -2.479e-5
0.308, -2.479e-5
0.309, -2.479e-5
0.310, -2.479e-5
0.311, -2.479e-5
0.312, -2.479e-5
0.313, -2.479e-5
0.314, -2.479e-5
0.315, -2.479e-5
0.316, -2.479e-5
0.317, -2.479e-5
0.318, -2.479e-5
0.319, -2.479e-5
0.320, -2.479e-5
0.321, -2.479e-5
0.322, -2.479e-5
0.323, -2.479e-5
0.324, -2.479e-5
0.325, -2.479e-5
0.326, -2.479e-5
0.327, -2.479e-5
0.328, -2.479e-5
0.329, -2.479e-5
0.330, -2.479e-5
0.331, -2.479e-5
0.332, -2.479e-5
0.333, -2.479e-5
0.334, -2.479e-5
0.335, -2.479e-5
0.336, -2.479e-5
0.337, -2.479e-5
0.338, -2.479e-5
0.339, -2.479e-5
0.340, -2.479e-5
0.341, -2.479e-5
0.342, -2.479e-5
0.343, -2.479e-5
0.344, -2.479e-5
0.345, -2.479e-5
0.346, -2.479e-5
0.347, -2.479e-5
0.348, -2.479e-5
0.349, -2.479e-5
0.350, -2.479e-5
0.351, -2.479e-5
0.352, -2.479e-5
0.353, -2.479e-5
0.354, -2.479e-5
0.355, -2.479e-5
0.356, -2.479e-5
0.357, -2.479e-5
0.358, -2.479e-5
0.359, -2.479e-5
0.360, -2.479e-5
0.361, -2.479e-5
0.362, -2.479e-5
0.363, -2.479e-5
0.364, -2.479e-5
0.365, -2.479e-5
0.366, -2.479e-5
0.367, -2.479e-5
0.368, -2.479e-5
0.369, -2.479e-5
0.370, -2.479e-5
0.371, -2.479e-5
0.372, -2.479e-5
0.373, -2.479e-5
0.374, -2.479e-5
0.375, -2.479e-5
0.376, -2.479e-5
0.377, -2.479e-5
0.378, -2.479e-5
0.379, -2.479e-5
0.380, -2.479e-5
0.381, -2.479e-5
0.382, -2.479e-5
0.383, -2.479e-5
0.384, -2.479e-5
0.385, -2.479e-5
0.386, -2.479e-5
0.387, -2.479e-5
0.388, -2.479e-5
0.389, -2.479e-5
0.390, -2.479e-5
0.391, -2.479e-5
0.392, -2.479e-5
0.393, -2.479e-5
0.394, -2.479e-5
0.395, -2.479e-5
0.396, -2.479e-5
0.397, -2.479e-5
0.398, -2.479e-5
0.399, -2.479e-5
0.400, -2.479e-5
0.401, -2.479e-5
0.402, -2.479e-5
0.403, -2.479e-5
0.404, -2.479e-5
0.405, -2.479e-5
0.406, -2.479e-5
0.407, -2.479e-5
0.408, -2.479e-5
0.409, -2.479e-5
0.410, -2.479e-5
0.411, -2.479e-5
0.412, -2.479e-5
0.413, -2.479e-5
0.414, -2.479e-5
0.415, -2.479e-5
0.416, -2.479e-5
0.417, -2.479e-5
0.418, -2.479e-5
0.419, -2.479e-5
0.420, -2.479e-5
0.421, -2.479e-5
0.422, -2.479e-5
0.423, -2.479e-5
0.424, -2.479e-5
0.425, -2.479e-5
0.426, -2.479e-5
0.427, -2.479e-5
0.428, -2.479e-5
0.429, -2.479e-5
0.430, -2.479e-5
0.431, -2.479e-5
0.432, -2.479e-5
0.433, -2.479e-5
0.434, -2.479e-5
0.435, -2.479e-5
0.436, -2.479e-5
0.437, -2.479e-5
0.438, -2.479e-5
0.439, -2.479e-5
0.440, -2.479e-5
0.441, -2.479e-5
0.442, -2.479e-5
0.443, -2.479e-5
0.444, -2.479e-5
0.445, -2.479e-5
0.446, -2.479e-5
0.447, -2.479e-5
0.448, -2.479e-5
0.449, -2.479e-5
0.450, -2.479e-5
0.449, -2.479e-5
0.448, -2.479e-5
0.447, -2.479e-5
0.446, -2.479e-5
0.445, -2.479e-5
0.444, -2.479e-5
0.443, -2.479e-5
0.442, -2.479e-5
0.441, -2.479e-5
0.440, -2.479e-5
0.439, -2.374e-5
0.438, -1.824e-5
0.437, -1.223e-5
0.436, -7.378e-6
0.435, -3.450e-6
0.434, -2.588e-7
0.433, 2.288e-6
0.432, 4.369e-6
0.431, 6.090e-6
0.430, 7.511e-6
0.429, 8.664e-6
0.428, 9.672e-6
0.427, 1.055e-5
0.426, 1.121e-5
0.425, 1.185e-5
0.424, 1.240e-5
0.423, 1.292e-5
0.422, 1.335e-5
0.421, 1.374e-5
0.420, 1.411e-5
0.419, 1.440e-5
0.418, 1.473e-5
0.417, 1.501e-5
0.416, 1.528e-5
0.415, 1.552e-5
0.414, 1.577e-5
0.413, 1.599e-5
0.412, 1.613e-5
0.411, 1.636e-5
0.410, 1.646e-5
0.409, 1.663e-5
0.408, 1.685e-5
0.407, 1.699e-5
0.406, 1.712e-5
0.405, 1.723e-5
0.404, 1.742e-5
0.403, 1.757e-5
0.402, 1.772e-5
0.401, 1.776e-5
0.400, 1.791e-5
0.399, 1.800e-5
0.398, 1.809e-5
0.397, 1.815e-5
0.396, 1.830e-5
0.395, 1.840e-5
0.394, 1.845e-5
0.393, 1.849e-5
0.392, 1.859e-5
0.391, 1.867e-5
0.390, 1.867e-5
0.389, 1.874e-5
0.388, 1.878e-5
0.387, 1.886e-5
0.386, 1.886e-5
0.385, 1.893e-5
0.384, 1.904e-5
0.383, 1.905e-5
0.382, 1.860e-5
0.381, 1.862e-5
0.380, 1.886e-5
0.379, 1.911e-5
0.378, 1.932e-5
0.377, 1.945e-5
0.376, 1.960e-5
0.375, 1.970e-5
0.374, 1.978e-5
0.373, 1.985e-5
0.372, 1.994e-5
0.371, 1.996e-5
0.370, 1.999e-5
0.369, 2.005e-5
0.368, 2.008e-5
0.367, 2.011e-5
0.366, 2.021e-5
0.365, 2.023e-5
0.364, 2.026e-5
0.363, 2.025e-5
0.362, 2.035e-5
0.361, 2.039e-5
0.360, 2.032e-5
0.359, 2.028e-5
0.358, 2.035e-5
0.357, 2.041e-5
0.356, 2.044e-5
0.355, 2.054e-5
0.354, 2.056e-5
0.353, 2.055e-5
0.352, 2.058e-5
0.351, 2.057e-5
0.350, 2.062e-5
0.349, 2.067e-5
0.348, 2.061e-5
0.347, 2.062e-5
0.346, 2.067e-5
0.345, 2.064e-5
0.344, 2.064e-5
0.343, 2.072e-5
0.342, 2.075e-5
0.341, 2.083e-5
0.340, 2.088e-5
0.339, 2.087e-5
0.338, 2.085e-5
0.337, 2.089e-5
0.336, 2.093e-5
0.335, 2.093e-5
0.334, 2.088e-5
0.333, 2.093e-5
0.332, 2.091e-5
0.331, 2.091e-5
0.330, 2.094e-5
0.329, 2.093e-5
0.328, 2.090e-5
0.327, 2.087e-5
0.326, 2.083e-5
0.325, 2.093e-5
0.324, 2.092e-5
0.323, 2.090e-5
0.322, 2.082e-5
0.321, 2.077e-5
0.320, 2.076e-5
0.319, 2.077e-5
0.318, 2.034e-5
0.317, 2.032e-5
0.316, 2.044e-5
0.315, 2.064e-5
0.314, 2.080e-5
0.313, 2.083e-5
0.312, 2.087e-5
0.311, 2.091e-5
0.310, 2.097e-5
0.309, 2.099e-5
0.308, 2.097e-5
0.307, 2.093e-5
0.306, 2.097e-5
0.305, 2.100e-5
0.304, 2.104e-5
0.303, 2.109e-5
0.302, 2.110e-5
0.301, 2.110e-5
0.300, 2.109e-5
0.299, 2.104e-5
0.298, 2.105e-5
0.297, 2.102e-5
0.296, 2.103e-5
0.295, 2.108e-5
0.294, 2.107e-5
0.293, 2.107e-5
0.292, 2.111e-5
0.291, 2.112e-5
0.290, 2.104e-5
0.289, 2.107e-5
0.288, 2.112e-5
0.287, 2.114e-5
0.286, 2.122e-5
0.285, 2.118e-5
0.284, 2.120e-5
0.283, 2.117e-5
0.282, 2.120e-5
0.281, 2.123e-5
0.280, 2.121e-5
0.279, 2.119e-5
0.278, 2.117e-5
0.277, 2.116e-5
0.276, 2.120e-5
0.275, 2.129e-5
0.274, 2.125e-5
0.273, 2.132e-5
0.272, 2.130e-5
0.271, 2.127e-5
0.270, 2.127e-5
0.269, 2.133e-5
0.268, 2.125e-5
0.267, 2.121e-5
0.266, 2.129e-5
0.265, 2.126e-5
0.264, 2.127e-5
0.263, 2.120e-5
0.262, 2.124e-5
0.261, 2.126e-5
0.260, 2.127e-5
0.259, 2.122e-5
0.258, 2.121e-5
0.257, 2.119e-5
0.256, 2.121e-5
0.255, 2.110e-5
0.254, 2.065e-5
0.253, 2.061e-5
0.252, 2.081e-5
0.251, 2.095e-5
0.250, 2.107e-5
0.249, 2.112e-5
0.248, 2.120e-5
0.247, 2.128e-5
0.246, 2.125e-5
0.245, 2.127e-5
0.244, 2.131e-5
0.243, 2.129e-5
0.242, 2.131e-5
0.241, 2.131e-5
0.240, 2.129e-5
0.239, 2.133e-5
0.238, 2.138e-5
0.237, 2.135e-5
0.236, 2.132e-5
0.235, 2.133e-5
0.234, 2.138e-5
0.233, 2.140e-5
0.232, 2.142e-5
0.231, 2.135e-5
0.230, 2.128e-5
0.229, 2.139e-5
0.228, 2.140e-5
0.227, 2.138e-5
0.226, 2.141e-5
0.225, 2.142e-5
0.224, 2.149e-5
0.223, 2.146e-5
0.222, 2.147e-5
0.221, 2.148e-5
0.220, 2.145e-5
0.219, 2.148e-5
0.218, 2.145e-5
0.217, 2.149e-5
0.216, 2.153e-5
0.215, 2.150e-5
0.214, 2.154e-5
0.213, 2.154e-5
0.212, 2.163e-5
0.211, 2.165e-5
0.210, 2.162e-5
0.209, 2.158e-5
0.208, 2.165e-5
0.207, 2.162e-5
0.206, 2.157e-5
0.205, 2.164e-5
0.204, 2.168e-5
0.203, 2.164e-5
0.202, 2.161e-5
0.201, 2.164e-5
0.200, 2.161e-5
0.199, 2.160e-5
0.198, 2.167e-5
0.197, 2.168e-5
0.196, 2.166e-5
0.195, 2.160e-5
0.194, 2.151e-5
0.193, 2.152e-5
0.192, 2.151e-5
0.191, 2.145e-5
0.190, 2.108e-5
0.189, 2.105e-5
0.188, 2.124e-5
0.187, 2.143e-5
0.186, 2.153e-5
0.185, 2.165e-5
0.184, 2.175e-5
0.183, 2.176e-5
0.182, 2.177e-5
0.181, 2.184e-5
0.180, 2.185e-5
0.179, 2.188e-5
0.178, 2.186e-5
0.177, 2.190e-5
0.176, 2.191e-5
0.175, 2.190e-5
0.174, 2.194e-5
0.173, 2.195e-5
0.172, 2.197e-5
0.171, 2.199e-5
0.170, 2.202e-5
0.169, 2.197e-5
0.168, 2.192e-5
0.167, 2.194e-5
0.166, 2.197e-5
0.165, 2.196e-5
0.164, 2.203e-5
0.163, 2.206e-5
0.162, 2.203e-5
0.161, 2.203e-5
0.160, 2.201e-5
0.159, 2.209e-5
0.158, 2.216e-5
0.157, 2.217e-5
0.156, 2.220e-5
0.155, 2.218e-5
0.154, 2.214e-5
0.153, 2.221e-5
0.152, 2.229e-5
0.151, 2.225e-5
0.150, 2.228e-5
0.149, 2.227e-5
0.148, 2.223e-5
0.147, 2.230e-5
0.146, 2.236e-5
0.145, 2.239e-5
0.144, 2.240e-5
0.143, 2.237e-5
0.142, 2.241e-5
0.141, 2.240e-5
0.140, 2.245e-5
0.139, 2.243e-5
0.138, 2.242e-5
0.137, 2.245e-5
0.136, 2.246e-5
0.135, 2.245e-5
0.134, 2.236e-5
0.133, 2.244e-5
0.132, 2.253e-5
0.131, 2.250e-5
0.130, 2.246e-5
0.129, 2.243e-5
0.128, 2.243e-5
0.127, 2.239e-5
0.126, 2.199e-5
0.125, 2.197e-5
0.124, 2.221e-5
0.123, 2.238e-5
0.122, 2.248e-5
0.121, 2.260e-5
0.120, 2.272e-5
0.119, 2.283e-5
0.118, 2.292e-5
0.117, 2.292e-5
0.116, 2.293e-5
0.115, 2.295e-5
0.114, 2.302e-5
0.113, 2.303e-5
0.112, 2.307e-5
0.111, 2.314e-5
0.110, 2.312e-5
0.109, 2.316e-5
0.108, 2.322e-5
0.107, 2.322e-5
0.106, 2.327e-5
0.105, 2.328e-5
0.104, 2.331e-5
0.103, 2.335e-5
0.102, 2.336e-5
0.101, 2.342e-5
0.100, 2.342e-5
0.099, 2.349e-5
0.098, 2.357e-5
0.097, 2.357e-5
0.096, 2.362e-5
0.095, 2.363e-5
0.094, 2.369e-5
0.093, 2.370e-5
0.092, 2.374e-5
0.091, 2.375e-5
0.090, 2.378e-5
0.089, 2.381e-5
0.088, 2.389e-5
0.087, 2.394e-5
0.086, 2.400e-5
0.085, 2.414e-5
0.084, 2.421e-5
0.083, 2.427e-5
0.082, 2.432e-5
0.081, 2.432e-5
0.080, 2.435e-5
0.079, 2.448e-5
0.078, 2.446e-5
0.077, 2.451e-5
0.076, 2.454e-5
0.075, 2.454e-5
0.074, 2.454e-5
0.073, 2.454e-5
0.072, 2.456e-5
0.071, 2.455e-5
0.070, 2.459e-5
0.069, 2.462e-5
0.068, 2.462e-5
0.067, 2.456e-5
0.066, 2.459e-5
0.065, 2.459e-5
0.064, 2.463e-5
0.063, 2.462e-5
0.062, 2.423e-5
0.061, 2.418e-5
0.060, 2.440e-5
0.059, 2.461e-5
0.058, 2.469e-5
0.057, 2.477e-5
0.056, 2.481e-5
0.055, 2.484e-5
0.054, 2.487e-5
0.053, 2.489e-5
0.052, 2.492e-5
0.051, 2.494e-5
0.050, 2.495e-5
0.049, 2.496e-5
0.048, 2.498e-5
0.047, 2.499e-5
0.046, 2.500e-5
0.045, 2.501e-5
0.044, 2.501e-5
0.043, 2.501e-5
0.042, 2.502e-5
0.041, 2.502e-5
0.040, 2.502e-5
0.039, 2.502e-5
0.038, 2.502e-5
0.037, 2.502e-5
0.036, 2.502e-5
0.035, 2.502e-5
0.034, 2.502e-5
0.033, 2.502e-5
0.032, 2.502e-5
0.031, 2.502e-5
0.030, 2.502e-5
0.029, 2.502e-5
0.028, 2.502e-5
0.027, 2.502e-5
0.026, 2.502e-5
0.025, 2.502e-5
0.024, 2.502e-5
0.023, 2.502e-5
0.022, 2.502e-5
0.021, 2.502e-5
0.020, 2.502e-5
0.019, 2.502e-5
0.018, 2.502e-5
0.017, 2.502e-5
0.016, 2.502e-5
0.015, 2.502e-5
0.014, 2.502e-5
0.013, 2.502e-5
0.012, 2.502e-5
0.011, 2.502e-5
0.010, 2.502e-5
0.009, 2.502e-5
0.008, 2.502e-5
0.007, 2.502e-5
0.006, 2.502e-5
0.005, 2.502e-5
0.004, 2.502e-5
0.003, 2.502e-5
0.002, 2.502e-5
0.001, 2.502e-5
0.000, 2.502e-5
-0.001, 2.502e-5
-0.002, 2.502e-5
-0.003, 2.502e-5
-0.004, 2.502e-5
-0.005, 2.502e-5
-0.006, 2.502e-5
-0.007, 2.502e-5
-0.008, 2.502e-5
-0.009, 2.502e-5
-0.010, 2.502e-5
-0.011, 2.502e-5
-0.012, 2.502e-5
-0.013, 2.502e-5
-0.014, 2.502e-5
-0.015, 2.502e-5
-0.016, 2.502e-5
-0.017, 2.502e-5
-0.018, 2.502e-5
-0.019, 2.502e-5
-0.020, 2.502e-5
-0.021, 2.502e-5
-0.022, 2.502e-5
-0.023, 2.502e-5
-0.024, 2.502e-5
-0.025, 2.502e-5
-0.026, 2.502e-5
-0.027, 2.502e-5
-0.028, 2.502e-5
-0.029, 2.502e-5
-0.030, 2.502e-5
-0.031, 2.502e-5
-0.032, 2.502e-5
-0.033, 2.502e-5
-0.034, 2.502e-5
-0.035, 2.502e-5
-0.036, 2.502e-5
-0.037, 2.502e-5
-0.038, 2.502e-5
-0.039, 2.502e-5
-0.040, 2.502e-5
-0.041, 2.502e-5
-0.042, 2.502e-5
-0.043, 2.502e-5
-0.044, 2.502e-5
-0.045, 2.502e-5
-0.046, 2.502e-5
-0.047, 2.502e-5
-0.048, 2.502e-5
-0.049, 2.502e-5
-0.050, 2.502e-5
