-0.049, -1.290e-9
-0.048, -1.027e-7
-0.047, -1.198e-7
-0.046, -1.262e-7
-0.045, -1.240e-7
-0.044, -1.260e-7
-0.043, -1.288e-7
-0.042, -1.317e-7
-0.041, -1.291e-7
-0.040, -1.334e-7
-0.039, -1.312e-7
-0.038, -1.313e-7
-0.037, -1.359e-7
-0.036, -1.309e-7
-0.035, -1.339e-7
-0.034, -1.328e-7
-0.033, -1.353e-7
-0.032, -1.348e-7
-0.031, -1.353e-7
-0.030, -1.339e-7
-0.029, -1.356e-7
-0.028, -1.377e-7
-0.027, -1.372e-7
-0.026, -1.387e-7
-0.025, -1.378e-7
-0.024, -1.384e-7
-0.023, -1.369e-7
-0.022, -1.377e-7
-0.021, -1.385e-7
-0.020, -1.415e-7
-0.019, -1.399e-7
-0.018, -1.403e-7
-0.017, -1.387e-7
-0.016, -1.397e-7
-0.015, -1.409e-7
-0.014, -1.417e-7
-0.013, -1.406e-7
-0.012, -1.409e-7
-0.011, -1.441e-7
-0.010, -1.402e-7
-0.009, -1.443e-7
-0.008, -1.416e-7
-0.007, -1.436e-7
-0.006, -1.416e-7
-0.005, -1.446e-7
-0.004, -1.437e-7
-0.003, -1.460e-7
-0.002, -1.440e-7
-0.001, -1.448e-7
-0.000, -1.464e-7
0.001, -1.263e-7
0.002, -1.400e-7
0.003, -1.423e-7
0.004, -1.441e-7
0.005, -1.424e-7
0.006, -1.448e-7
0.007, -1.434e-7
0.008, -1.452e-7
0.009, -1.447e-7
0.010, -1.453e-7
0.011, -1.473e-7
0.012, -1.467e-7
0.013, -1.463e-7
0.014, -1.471e-7
0.015, -1.463e-7
0.016, -1.471e-7
0.017, -1.480e-7
0.018, -1.494e-7
0.019, -1.467e-7
0.020, -1.479e-7
0.021, -1.497e-7
0.022, -1.506e-7
0.023, -1.505e-7
0.024, -1.502e-7
0.025, -1.505e-7
0.026, -1.475e-7
0.027, -1.509e-7
0.028, -1.509e-7
0.029, -1.510e-7
0.030, -1.499e-7
0.031, -1.510e-7
0.032, -1.531e-7
0.033, -1.514e-7
0.034, -1.525e-7
0.035, -1.505e-7
0.036, -1.523e-7
0.037, -1.521e-7
0.038, -1.518e-7
0.039, -1.525e-7
0.040, -1.568e-7
0.041, -1.518e-7
0.042, -1.543e-7
0.043, -1.540e-7
0.044, -1.538e-7
0.045, -1.531e-7
0.046, -1.550e-7
0.047, -1.543e-7
0.048, -1.560e-7
0.049, -1.563e-7
0.050, -1.564e-7
0.051, -1.540e-7
0.052, -1.567e-7
0.053, -1.575e-7
0.054, -1.572e-7
0.055, -1.556e-7
0.056, -1.585e-7
0.057, -1.584e-7
0.058, -1.592e-7
0.059, -1.573e-7
0.060, -1.578e-7
0.061, -1.596e-7
0.062, -1.587e-7
0.063, -1.614e-7
0.064, -1.602e-7
0.065, -1.437e-7
0.066, -1.552e-7
0.067, -1.565e-7
0.068, -1.581e-7
0.069, -1.605e-7
0.070, -1.609e-7
0.071, -1.602e-7
0.072, -1.609e-7
0.073, -1.608e-7
0.074, -1.621e-7
0.075, -1.631e-7
0.076, -1.626e-7
0.077, -1.632e-7
0.078, -1.621e-7
0.079, -1.638e-7
0.080, -1.649e-7
0.081, -1.633e-7
0.082, -1.641e-7
0.083, -1.646e-7
0.084, -1.667e-7
0.085, -1.660e-7
0.086, -1.657e-7
0.087, -1.658e-7
0.088, -1.659e-7
0.089, -1.670e-7
0.090, -1.691e-7
0.091, -1.679e-7
0.092, -1.680e-7
0.093, -1.678e-7
0.094, -1.684e-7
0.095, -1.705e-7
0.096, -1.683e-7
0.097, -1.730e-7
0.098, -1.668e-7
0.099, -1.726e-7
0.100, -1.695e-7
0.101, -1.706e-7
0.102, -1.713e-7
0.103, -1.722e-7
0.104, -1.722e-7
0.105, -1.719e-7
0.106, -1.725e-7
0.107, -1.763e-7
0.108, -1.721e-7
0.109, -1.749e-7
0.110, -1.758e-7
0.111, -1.741e-7
0.112, -1.774e-7
0.113, -1.765e-7
0.114, -1.772e-7
0.115, -1.767e-7
0.116, -1.755e-7
0.117, -1.786e-7
0.118, -1.791e-7
0.119, -1.789e-7
0.120, -1.813e-7
0.121, -1.809e-7
0.122, -1.824e-7
0.123, -1.816e-7
0.124, -1.840e-7
0.125, -1.835e-7
0.126, -1.854e-7
0.127, -1.833e-7
0.128, -1.886e-7
0.129, -1.675e-7
0.130, -1.814e-7
0.131, -1.834e-7
0.132, -1.871e-7
0.133, -1.867e-7
0.134, -1.888e-7
0.135, -1.884e-7
0.136, -1.904e-7
0.137, -1.920e-7
0.138, -1.905e-7
0.139, -1.911e-7
0.140, -1.942e-7
0.141, -1.958e-7
0.142, -1.971e-7
0.143, -1.966e-7
0.144, -1.987e-7
0.145, -2.003e-7
0.146, -1.999e-7
0.147, -2.013e-7
0.148, -2.051e-7
0.149, -2.051e-7
0.150, -2.041e-7
0.151, -2.071e-7
0.152, -2.070e-7
0.153, -2.119e-7
0.154, -2.094e-7
0.155, -2.116e-7
0.156, -2.146e-7
0.157, -2.154e-7
0.158, -2.193e-7
0.159, -2.207e-7
0.160, -2.199e-7
0.161, -2.211e-7
0.162, -2.222e-7
0.163, -2.245e-7
0.164, -2.266e-7
0.165, -2.279e-7
0.166, -2.292e-7
0.167, -2.312e-7
0.168, -2.334e-7
0.169, -2.366e-7
0.170, -2.363e-7
0.171, -2.395e-7
0.172, -2.411e-7
0.173, -2.453e-7
0.174, -2.446e-7
0.175, -2.477e-7
0.176, -2.481e-7
0.177, -2.512e-7
0.178, -2.555e-7
0.179, -2.567e-7
0.180, -2.606e-7
0.181, -2.600e-7
0.182, -2.617e-7
0.183, -2.638e-7
0.184, -2.661e-7
0.185, -2.692e-7
0.186, -2.720e-7
0.187, -2.728e-7
0.188, -2.763e-7
0.189, -2.795e-7
0.190, -2.817e-7
0.191, -2.816e-7
0.192, -2.867e-7
0.193, -2.669e-7
0.194, -2.822e-7
0.195, -2.863e-7
0.196, -2.895e-7
0.197, -2.922e-7
0.198, -2.948e-7
0.199, -2.956e-7
0.200, -2.976e-7
0.201, -3.003e-7
0.202, -3.032e-7
0.203, -3.023e-7
0.204, -3.052e-7
0.205, -3.064e-7
0.206, -3.074e-7
0.207, -3.110e-7
0.208, -3.129e-7
0.209, -3.143e-7
0.210, -3.142e-7
0.211, -3.143e-7
0.212, -3.194e-7
0.213, -3.166e-7
0.214, -3.191e-7
0.215, -3.220e-7
0.216, -3.195e-7
0.217, -3.237e-7
0.218, -3.224e-7
0.219, -3.264e-7
0.220, -3.256e-7
0.221, -3.257e-7
0.222, -3.286e-7
0.223, -3.278e-7
0.224, -3.286e-7
0.225, -3.296e-7
0.226, -3.293e-7
0.227, -3.287e-7
0.228, -3.309e-7
0.229, -3.324e-7
0.230, -3.302e-7
0.231, -3.316e-7
0.232, -3.273e-7
0.233, -3.322e-7
0.234, -3.317e-7
0.235, -3.321e-7
0.236, -3.326e-7
0.237, -3.324e-7
0.238, -3.319e-7
0.239, -3.331e-7
0.240, -3.323e-7
0.241, -3.337e-7
0.242, -3.340e-7
0.243, -3.330e-7
0.244, -3.343e-7
0.245, -3.328e-7
0.246, -3.307e-7
0.247, -3.334e-7
0.248, -3.298e-7
0.249, -3.330e-7
0.250, -3.322e-7
0.251, -3.326e-7
0.252, -3.332e-7
0.253, -3.347e-7
0.254, -3.317e-7
0.255, -3.332e-7
0.256, -3.338e-7
0.257, -3.093e-7
0.258, -3.256e-7
0.259, -3.271e-7
0.260, -3.272e-7
0.261, -3.272e-7
0.262, -3.289e-7
0.263, -3.303e-7
0.264, -3.273e-7
0.265, -3.276e-7
0.266, -3.284e-7
0.267, -3.290e-7
0.268, -3.278e-7
0.269, -3.305e-7
0.270, -3.287e-7
0.271, -3.262e-7
0.272, -3.298e-7
0.273, -3.279e-7
0.274, -3.289e-7
0.275, -3.274e-7
0.276, -3.257e-7
0.277, -3.282e-7
0.278, -3.273e-7
0.279, -3.287e-7
0.280, -3.282e-7
0.281, -3.257e-7
0.282, -3.267e-7
0.283, -3.270e-7
0.284, -3.288e-7
0.285, -3.258e-7
0.286, -3.260e-7
0.287, -3.286e-7
0.288, -3.290e-7
0.289, -3.279e-7
0.290, -3.265e-7
0.291, -3.272e-7
0.292, -3.277e-7
0.293, -3.276e-7
0.294, -3.252e-7
0.295, -3.280e-7
0.296, -3.270e-7
0.297, -3.268e-7
0.298, -3.280e-7
0.299, -3.273e-7
0.300, -3.276e-7
0.301, -3.261e-7
0.302, -3.296e-7
0.303, -3.275e-7
0.304, -3.288e-7
0.305, -3.296e-7
0.306, -3.292e-7
0.307, -3.294e-7
0.308, -3.288e-7
0.309, -3.319e-7
0.310, -3.305e-7
0.311, -3.278e-7
0.312, -3.310e-7
0.313, -3.314e-7
0.314, -3.337e-7
0.315, -3.311e-7
0.316, -3.327e-7
0.317, -3.354e-7
0.318, -3.346e-7
0.319, -3.330e-7
0.320, -3.378e-7
0.321, -3.148e-7
0.322, -3.319e-7
0.323, -3.331e-7
0.324, -3.315e-7
0.325, -3.319e-7
0.326, -3.325e-7
0.327, -3.363e-7
0.328, -3.351e-7
0.329, -3.369e-7
0.330, -3.379e-7
0.331, -3.364e-7
0.332, -3.395e-7
0.333, -3.409e-7
0.334, -3.397e-7
0.335, -3.388e-7
0.336, -3.392e-7
0.337, -3.438e-7
0.338, -3.424e-7
0.339, -3.447e-7
0.340, -3.456e-7
0.341, -3.446e-7
0.342, -3.440e-7
0.343, -3.457e-7
0.344, -3.472e-7
0.345, -3.449e-7
0.346, -3.460e-7
0.347, -3.480e-7
0.348, -3.484e-7
0.349, -3.498e-7
0.350, -3.505e-7
0.351, -3.513e-7
0.352, -3.507e-7
0.353, -3.558e-7
0.354, -3.512e-7
0.355, -3.533e-7
0.356, -3.551e-7
0.357, -3.549e-7
0.358, -3.568e-7
0.359, -3.560e-7
0.360, -3.589e-7
0.361, -3.570e-7
0.362, -3.590e-7
0.363, -3.612e-7
0.364, -3.625e-7
0.365, -3.612e-7
0.366, -3.649e-7
0.367, -3.623e-7
0.368, -3.663e-7
0.369, -3.667e-7
0.370, -3.655e-7
0.371, -3.664e-7
0.372, -3.692e-7
0.373, -3.676e-7
0.374, -3.718e-7
0.375, -3.716e-7
0.376, -3.715e-7
0.377, -3.725e-7
0.378, -3.746e-7
0.379, -3.723e-7
0.380, -3.733e-7
0.381, -3.749e-7
0.382, -3.808e-7
0.383, -3.778e-7
0.384, -3.810e-7
0.385, -3.534e-7
0.386, -3.721e-7
0.387, -3.765e-7
0.388, -3.757e-7
0.389, -3.778e-7
0.390, -3.805e-7
0.391, -3.790e-7
0.392, -3.809e-7
0.393, -3.810e-7
0.394, -3.836e-7
0.395, -3.850e-7
0.396, -3.839e-7
0.397, -3.855e-7
0.398, -3.854e-7
0.399, -3.863e-7
0.400, -3.890e-7
0.401, -3.893e-7
0.402, -3.882e-7
0.403, -3.913e-7
0.404, -3.934e-7
0.405, -3.945e-7
0.406, -3.940e-7
0.407, -3.908e-7
0.408, -3.942e-7
0.409, -3.948e-7
0.410, -3.972e-7
0.411, -3.966e-7
0.412, -3.968e-7
0.413, -3.967e-7
0.414, -4.013e-7
0.415, -3.958e-7
0.416, -3.984e-7
0.417, -4.030e-7
0.418, -4.026e-7
0.419, -4.015e-7
0.420, -4.017e-7
0.421, -4.033e-7
0.422, -4.021e-7
0.423, -4.038e-7
0.424, -4.067e-7
0.425, -4.049e-7
0.426, -4.058e-7
0.427, -4.053e-7
0.428, -4.070e-7
0.429, -4.074e-7
0.430, -4.082e-7
0.431, -4.094e-7
0.432, -4.092e-7
0.433, -4.131e-7
0.434, -4.093e-7
0.435, -4.126e-7
0.436, -4.123e-7
0.437, -4.142e-7
0.438, -4.142e-7
0.439, -4.134e-7
0.440, -4.148e-7
0.441, -4.207e-7
0.442, -4.159e-7
0.443, -4.179e-7
0.444, -4.168e-7
0.445, -4.208e-7
0.446, -4.206e-7
0.447, -4.221e-7
0.448, -4.247e-7
0.449, -4.015e-7
0.450, -4.142e-7
0.449, -4.170e-7
0.448, -1.803e-7
0.447, -1.301e-7
0.446, -1.340e-7
0.445, -1.020e-7
0.444, -8.877e-8
0.443, -8.197e-8
0.442, -7.166e-8
0.441, -6.759e-8
0.440, -5.692e-8
0.439, -5.561e-8
0.438, -4.747e-8
0.437, -3.862e-8
0.436, -3.801e-8
0.435, -3.426e-8
0.434, -2.783e-8
0.433, -2.447e-8
0.432, -2.210e-8
0.431, -1.517e-8
0.430, -1.300e-8
0.429, -1.014e-8
0.428, -7.768e-9
0.427, -1.427e-9
0.426, -2.721e-9
0.425, 3.113e-9
0.424, 5.266e-9
0.423, 1.153e-8
0.422, 1.188e-8
0.421, 1.190e-8
0.420, 1.613e-8
0.419, 1.691e-8
0.418, 1.905e-8
0.417, 2.196e-8
0.416, 2.496e-8
0.415, 2.535e-8
0.414, 2.881e-8
0.413, 2.602e-8
0.412, 3.202e-8
0.411, 3.357e-8
0.410, 3.334e-8
0.409, 3.864e-8
0.408, 3.960e-8
0.407, 3.987e-8
0.406, 4.023e-8
0.405, 4.297e-8
0.404, 4.162e-8
0.403, 4.330e-8
0.402, 4.698e-8
0.401, 4.676e-8
0.400, 4.976e-8
0.399, 5.038e-8
0.398, 5.295e-8
0.397, 5.317e-8
0.396, 5.273e-8
0.395, 5.446e-8
0.394, 5.663e-8
0.393, 5.665e-8
0.392, 5.802e-8
0.391, 5.383e-8
0.390, 5.890e-8
0.389, 6.170e-8
0.388, 6.266e-8
0.387, 6.041e-8
0.386, 6.133e-8
0.385, 6.068e-8
0.384, 6.313e-8
0.383, 6.211e-8
0.382, 4.349e-8
0.381, 6.743e-8
0.380, 6.941e-8
0.379, 7.039e-8
0.378, 6.918e-8
0.377, 7.207e-8
0.376, 7.066e-8
0.375, 7.243e-8
0.374, 7.231e-8
0.373, 7.620e-8
0.372, 7.368e-8
0.371, 7.616e-8
0.370, 7.677e-8
0.369, 7.681e-8
0.368, 7.695e-8
0.367, 7.785e-8
0.366, 7.930e-8
0.365, 7.753e-8
0.364, 7.773e-8
0.363, 7.990e-8
0.362, 8.067e-8
0.361, 7.922e-8
0.360, 8.268e-8
0.359, 8.206e-8
0.358, 8.253e-8
0.357, 8.114e-8
0.356, 8.509e-8
0.355, 8.615e-8
0.354, 8.472e-8
0.353, 8.624e-8
0.352, 8.527e-8
0.351, 8.513e-8
0.350, 8.636e-8
0.349, 8.677e-8
0.348, 8.781e-8
0.347, 8.580e-8
0.346, 8.826e-8
0.345, 8.979e-8
0.344, 9.079e-8
0.343, 8.804e-8
0.342, 8.865e-8
0.341, 9.165e-8
0.340, 9.032e-8
0.339, 9.253e-8
0.338, 8.920e-8
0.337, 9.155e-8
0.336, 9.157e-8
0.335, 8.997e-8
0.334, 9.533e-8
0.333, 9.359e-8
0.332, 9.259e-8
0.331, 9.212e-8
0.330, 9.237e-8
0.329, 9.617e-8
0.328, 9.404e-8
0.327, 9.405e-8
0.326, 9.466e-8
0.325, 9.550e-8
0.324, 9.578e-8
0.323, 9.278e-8
0.322, 9.574e-8
0.321, 9.713e-8
0.320, 9.368e-8
0.319, 9.273e-8
0.318, 7.873e-8
0.317, 9.803e-8
0.316, 9.650e-8
0.315, 1.009e-7
0.314, 9.995e-8
0.313, 9.875e-8
0.312, 9.901e-8
0.311, 9.817e-8
0.310, 1.011e-7
0.309, 1.010e-7
0.308, 9.981e-8
0.307, 1.013e-7
0.306, 1.001e-7
0.305, 1.020e-7
0.304, 1.020e-7
0.303, 9.963e-8
0.302, 1.044e-7
0.301, 1.048e-7
0.300, 9.899e-8
0.299, 1.048e-7
0.298, 1.029e-7
0.297, 1.020e-7
0.296, 1.027e-7
0.295, 1.051e-7
0.294, 1.036e-7
0.293, 1.038e-7
0.292, 1.029e-7
0.291, 1.026e-7
0.290, 1.050e-7
0.289, 1.060e-7
0.288, 1.044e-7
0.287, 1.063e-7
0.286, 1.078e-7
0.285, 1.056e-7
0.284, 1.074e-7
0.283, 1.054e-7
0.282, 1.073e-7
0.281, 1.078e-7
0.280, 1.080e-7
0.279, 1.077e-7
0.278, 1.095e-7
0.277, 1.101e-7
0.276, 1.083e-7
0.275, 1.069e-7
0.274, 1.085e-7
0.273, 1.074e-7
0.272, 1.111e-7
0.271, 1.083e-7
0.270, 1.113e-7
0.269, 1.110e-7
0.268, 1.089e-7
0.267, 1.117e-7
0.266, 1.101e-7
0.265, 1.110e-7
0.264, 1.101e-7
0.263, 1.097e-7
0.262, 1.123e-7
0.261, 1.116e-7
0.260, 1.129e-7
0.259, 1.135e-7
0.258, 1.141e-7
0.257, 1.124e-7
0.256, 1.095e-7
0.255, 1.101e-7
0.254, 9.286e-8
0.253, 1.139e-7
0.252, 1.153e-7
0.251, 1.143e-7
0.250, 1.141e-7
0.249, 1.149e-7
0.248, 1.156e-7
0.247, 1.154e-7
0.246, 1.162e-7
0.245, 1.173e-7
0.244, 1.174e-7
0.243, 1.138e-7
0.242, 1.196e-7
0.241, 1.155e-7
0.240, 1.183e-7
0.239, 1.179e-7
0.238, 1.186e-7
0.237, 1.161e-7
0.236, 1.182e-7
0.235, 1.188e-7
0.234, 1.185e-7
0.233, 1.193e-7
0.232, 1.206e-7
0.231, 1.199e-7
0.230, 1.192e-7
0.229, 1.208e-7
0.228, 1.183e-7
0.227, 1.253e-7
0.226, 1.183e-7
0.225, 1.218e-7
0.224, 1.219e-7
0.223, 1.223e-7
0.222, 1.254e-7
0.221, 1.219e-7
0.220, 1.235e-7
0.219, 1.243e-7
0.218, 1.245e-7
0.217, 1.253e-7
0.216, 1.260e-7
0.215, 1.240e-7
0.214, 1.210e-7
0.213, 1.260e-7
0.212, 1.276e-7
0.211, 1.260e-7
0.210, 1.261e-7
0.209, 1.260e-7
0.208, 1.289e-7
0.207, 1.294e-7
0.206, 1.278e-7
0.205, 1.280e-7
0.204, 1.298e-7
0.203, 1.288e-7
0.202, 1.315e-7
0.201, 1.289e-7
0.200, 1.306e-7
0.199, 1.311e-7
0.198, 1.319e-7
0.197, 1.329e-7
0.196, 1.325e-7
0.195, 1.309e-7
0.194, 1.324e-7
0.193, 1.280e-7
0.192, 1.327e-7
0.191, 1.319e-7
0.190, 1.169e-7
0.189, 1.337e-7
0.188, 1.371e-7
0.187, 1.380e-7
0.186, 1.384e-7
0.185, 1.375e-7
0.184, 1.383e-7
0.183, 1.392e-7
0.182, 1.402e-7
0.181, 1.400e-7
0.180, 1.398e-7
0.179, 1.397e-7
0.178, 1.413e-7
0.177, 1.396e-7
0.176, 1.413e-7
0.175, 1.413e-7
0.174, 1.401e-7
0.173, 1.416e-7
0.172, 1.424e-7
0.171, 1.422e-7
0.170, 1.424e-7
0.169, 1.461e-7
0.168, 1.455e-7
0.167, 1.442e-7
0.166, 1.445e-7
0.165, 1.478e-7
0.164, 1.467e-7
0.163, 1.453e-7
0.162, 1.468e-7
0.161, 1.463e-7
0.160, 1.495e-7
0.159, 1.453e-7
0.158, 1.509e-7
0.157, 1.483e-7
0.156, 1.481e-7
0.155, 1.500e-7
0.154, 1.496e-7
0.153, 1.518e-7
0.152, 1.489e-7
0.151, 1.509e-7
0.150, 1.514e-7
0.149, 1.475e-7
0.148, 1.523e-7
0.147, 1.524e-7
0.146, 1.526e-7
0.145, 1.544e-7
0.144, 1.526e-7
0.143, 1.526e-7
0.142, 1.559e-7
0.141, 1.520e-7
0.140, 1.541e-7
0.139, 1.547e-7
0.138, 1.539e-7
0.137, 1.544e-7
0.136, 1.544e-7
0.135, 1.548e-7
0.134, 1.560e-7
0.133, 1.549e-7
0.132, 1.551e-7
0.131, 1.559e-7
0.130, 1.552e-7
0.129, 1.535e-7
0.128, 1.559e-7
0.127, 1.540e-7
0.126, 1.382e-7
0.125, 1.539e-7
0.124, 1.608e-7
0.123, 1.582e-7
0.122, 1.596e-7
0.121, 1.581e-7
0.120, 1.601e-7
0.119, 1.595e-7
0.118, 1.588e-7
0.117, 1.583e-7
0.116, 1.600e-7
0.115, 1.579e-7
0.114, 1.597e-7
0.113, 1.586e-7
0.112, 1.596e-7
0.111, 1.596e-7
0.110, 1.610e-7
0.109, 1.609e-7
0.108, 1.599e-7
0.107, 1.596e-7
0.106, 1.602e-7
0.105, 1.614e-7
0.104, 1.613e-7
0.103, 1.618e-7
0.102, 1.607e-7
0.101, 1.614e-7
0.100, 1.616e-7
0.099, 1.631e-7
0.098, 1.614e-7
0.097, 1.606e-7
0.096, 1.620e-7
0.095, 1.627e-7
0.094, 1.643e-7
0.093, 1.625e-7
0.092, 1.622e-7
0.091, 1.623e-7
0.090, 1.617e-7
0.089, 1.648e-7
0.088, 1.630e-7
0.087, 1.662e-7
0.086, 1.623e-7
0.085, 1.652e-7
0.084, 1.630e-7
0.083, 1.651e-7
0.082, 1.648e-7
0.081, 1.632e-7
0.080, 1.635e-7
0.079, 1.619e-7
0.078, 1.654e-7
0.077, 1.641e-7
0.076, 1.646e-7
0.075, 1.659e-7
0.074, 1.641e-7
0.073, 1.665e-7
0.072, 1.643e-7
0.071, 1.679e-7
0.070, 1.663e-7
0.069, 1.648e-7
0.068, 1.660e-7
0.067, 1.657e-7
0.066, 1.665e-7
0.065, 1.658e-7
0.064, 1.655e-7
0.063, 1.640e-7
0.062, 1.500e-7
0.061, 1.667e-7
0.060, 1.664e-7
0.059, 1.684e-7
0.058, 1.677e-7
0.057, 1.691e-7
0.056, 1.681e-7
0.055, 1.687e-7
0.054, 1.692e-7
0.053, 1.677e-7
0.052, 1.688e-7
0.051, 1.704e-7
0.050, 1.685e-7
0.049, 1.698e-7
0.048, 1.691e-7
0.047, 1.678e-7
0.046, 1.692e-7
0.045, 1.705e-7
0.044, 1.662e-7
0.043, 1.705e-7
0.042, 1.701e-7
0.041, 1.686e-7
0.040, 1.726e-7
0.039, 1.706e-7
0.038, 1.713e-7
0.037, 1.709e-7
0.036, 1.701e-7
0.035, 1.701e-7
0.034, 1.733e-7
0.033, 1.705e-7
0.032, 1.733e-7
0.031, 1.724e-7
0.030, 1.719e-7
0.029, 1.715e-7
0.028, 1.732e-7
0.027, 1.746e-7
0.026, 1.718e-7
0.025, 1.745e-7
0.024, 1.736e-7
0.023, 1.755e-7
0.022, 1.761e-7
0.021, 1.732e-7
0.020, 1.730e-7
0.019, 1.752e-7
0.018, 1.760e-7
0.017, 1.752e-7
0.016, 1.745e-7
0.015, 1.757e-7
0.014, 1.770e-7
0.013, 1.743e-7
0.012, 1.763e-7
0.011, 1.740e-7
0.010, 1.769e-7
0.009, 1.762e-7
0.008, 1.758e-7
0.007, 1.745e-7
0.006, 1.776e-7
0.005, 1.760e-7
0.004, 1.766e-7
0.003, 1.751e-7
0.002, 1.766e-7
0.001, 1.754e-7
0.000, 1.757e-7
-0.001, 1.782e-7
-0.002, 1.596e-7
-0.003, 1.758e-7
-0.004, 1.777e-7
-0.005, 1.790e-7
-0.006, 1.791e-7
-0.007, 1.814e-7
-0.008, 1.777e-7
-0.009, 1.794e-7
-0.010, 1.828e-7
-0.011, 1.802e-7
-0.012, 1.795e-7
-0.013, 1.794e-7
-0.014, 1.800e-7
-0.015, 1.825e-7
-0.016, 1.821e-7
-0.017, 1.825e-7
-0.018, 1.808e-7
-0.019, 1.815e-7
-0.020, 1.824e-7
-0.021, 1.806e-7
-0.022, 1.825e-7
-0.023, 1.823e-7
-0.024, 1.817e-7
-0.025, 1.843e-7
-0.026, 1.816e-7
-0.027, 1.821e-7
-0.028, 1.822e-7
-0.029, 1.825e-7
-0.030, 1.854e-7
-0.031, 1.836e-7
-0.032, 1.823e-7
-0.033, 1.840e-7
-0.034, 1.847e-7
-0.035, 1.836e-7
-0.036, 1.848e-7
-0.037, 1.853e-7
-0.038, 1.837e-7
-0.039, 1.848e-7
-0.040, 1.851e-7
-0.041, 1.833e-7
-0.042, 1.859e-7
-0.043, 1.866e-7
-0.044, 1.861e-7
-0.045, 1.886e-7
-0.046, 1.851e-7
-0.047, 1.856e-7
-0.048, 1.889e-7
-0.049, 1.867e-7
-0.050, 1.876e-7
