-0.049, -4.047e-7
-0.048, -5.425e-7
-0.047, -6.183e-7
-0.046, -6.671e-7
-0.045, -7.089e-7
-0.044, -7.498e-7
-0.043, -7.816e-7
-0.042, -8.110e-7
-0.041, -8.383e-7
-0.040, -8.636e-7
-0.039, -8.835e-7
-0.038, -9.035e-7
-0.037, -9.271e-7
-0.036, -9.493e-7
-0.035, -9.687e-7
-0.034, -9.853e-7
-0.033, -1.008e-6
-0.032, -1.025e-6
-0.031, -1.045e-6
-0.030, -1.056e-6
-0.029, -1.078e-6
-0.028, -1.093e-6
-0.027, -1.112e-6
-0.026, -1.124e-6
-0.025, -1.138e-6
-0.024, -1.155e-6
-0.023, -1.171e-6
-0.022, -1.191e-6
-0.021, -1.217e-6
-0.020, -1.231e-6
-0.019, -1.236e-6
-0.018, -1.250e-6
-0.017, -1.265e-6
-0.016, -1.283e-6
-0.015, -1.299e-6
-0.014, -1.310e-6
-0.013, -1.322e-6
-0.012, -1.339e-6
-0.011, -1.354e-6
-0.010, -1.372e-6
-0.009, -1.393e-6
-0.008, -1.415e-6
-0.007, -1.432e-6
-0.006, -1.451e-6
-0.005, -1.471e-6
-0.004, -1.482e-6
-0.003, -1.492e-6
-0.002, -1.506e-6
-0.001, -1.515e-6
-0.000, -1.526e-6
0.001, -1.502e-6
0.002, -1.524e-6
0.003, -1.526e-6
0.004, -1.532e-6
0.005, -1.541e-6
0.006, -1.547e-6
0.007, -1.560e-6
0.008, -1.570e-6
0.009, -1.579e-6
0.010, -1.591e-6
0.011, -1.606e-6
0.012, -1.624e-6
0.013, -1.642e-6
0.014, -1.659e-6
0.015, -1.672e-6
0.016, -1.685e-6
0.017, -1.699e-6
0.018, -1.705e-6
0.019, -1.709e-6
0.020, -1.716e-6
0.021, -1.729e-6
0.022, -1.742e-6
0.023, -1.754e-6
0.024, -1.763e-6
0.025, -1.774e-6
0.026, -1.793e-6
0.027, -1.806e-6
0.028, -1.815e-6
0.029, -1.826e-6
0.030, -1.836e-6
0.031, -1.841e-6
0.032, -1.843e-6
0.033, -1.852e-6
0.034, -1.857e-6
0.035, -1.861e-6
0.036, -1.871e-6
0.037, -1.883e-6
0.038, -1.889e-6
0.039, -1.904e-6
0.040, -1.917e-6
0.041, -1.930e-6
0.042, -1.941e-6
0.043, -1.950e-6
0.044, -1.958e-6
0.045, -1.964e-6
0.046, -1.979e-6
0.047, -1.979e-6
0.048, -1.985e-6
0.049, -1.994e-6
0.050, -2.001e-6
0.051, -2.006e-6
0.052, -2.008e-6
0.053, -2.005e-6
0.054, -2.006e-6
0.055, -2.000e-6
0.056, -1.992e-6
0.057, -1.988e-6
0.058, -1.985e-6
0.059, -1.984e-6
0.060, -1.983e-6
0.061, -1.994e-6
0.062, -2.004e-6
0.063, -2.016e-6
0.064, -2.032e-6
0.065, -2.017e-6
0.066, -2.043e-6
0.067, -2.055e-6
0.068, -2.056e-6
0.069, -2.044e-6
0.070, -2.026e-6
0.071, -2.019e-6
0.072, -2.026e-6
0.073, -2.030e-6
0.074, -2.041e-6
0.075, -2.048e-6
0.076, -2.057e-6
0.077, -2.061e-6
0.078, -2.070e-6
0.079, -2.071e-6
0.080, -2.076e-6
0.081, -2.081e-6
0.082, -2.082e-6
0.083, -2.086e-6
0.084, -2.097e-6
0.085, -2.100e-6
0.086, -2.114e-6
0.087, -2.125e-6
0.088, -2.131e-6
0.089, -2.144e-6
0.090, -2.163e-6
0.091, -2.181e-6
0.092, -2.196e-6
0.093, -2.211e-6
0.094, -2.217e-6
0.095, -2.225e-6
0.096, -2.224e-6
0.097, -2.221e-6
0.098, -2.230e-6
0.099, -2.241e-6
0.100, -2.247e-6
0.101, -2.256e-6
0.102, -2.260e-6
0.103, -2.267e-6
0.104, -2.273e-6
0.105, -2.279e-6
0.106, -2.282e-6
0.107, -2.293e-6
0.108, -2.308e-6
0.109, -2.320e-6
0.110, -2.328e-6
0.111, -2.335e-6
0.112, -2.338e-6
0.113, -2.346e-6
0.114, -2.348e-6
0.115, -2.348e-6
0.116, -2.357e-6
0.117, -2.366e-6
0.118, -2.381e-6
0.119, -2.394e-6
0.120, -2.400e-6
0.121, -2.409e-6
0.122, -2.413e-6
0.123, -2.422e-6
0.124, -2.429e-6
0.125, -2.439e-6
0.126, -2.447e-6
0.127, -2.461e-6
0.128, -2.470e-6
0.129, -2.447e-6
0.130, -2.464e-6
0.131, -2.475e-6
0.132, -2.484e-6
0.133, -2.496e-6
0.134, -2.509e-6
0.135, -2.517e-6
0.136, -2.519e-6
0.137, -2.522e-6
0.138, -2.528e-6
0.139, -2.540e-6
0.140, -2.552e-6
0.141, -2.566e-6
0.142, -2.583e-6
0.143, -2.601e-6
0.144, -2.608e-6
0.145, -2.621e-6
0.146, -2.635e-6
0.147, -2.648e-6
0.148, -2.662e-6
0.149, -2.673e-6
0.150, -2.688e-6
0.151, -2.702e-6
0.152, -2.708e-6
0.153, -2.713e-6
0.154, -2.726e-6
0.155, -2.739e-6
0.156, -2.754e-6
0.157, -2.771e-6
0.158, -2.784e-6
0.159, -2.804e-6
0.160, -2.807e-6
0.161, -2.813e-6
0.162, -2.816e-6
0.163, -2.819e-6
0.164, -2.830e-6
0.165, -2.839e-6
0.166, -2.857e-6
0.167, -2.872e-6
0.168, -2.894e-6
0.169, -2.911e-6
0.170, -2.931e-6
0.171, -2.943e-6
0.172, -2.950e-6
0.173, -2.957e-6
0.174, -2.966e-6
0.175, -2.974e-6
0.176, -2.992e-6
0.177, -3.029e-6
0.178, -3.044e-6
0.179, -3.059e-6
0.180, -3.066e-6
0.181, -3.079e-6
0.182, -3.082e-6
0.183, -3.066e-6
0.184, -3.064e-6
0.185, -3.068e-6
0.186, -3.080e-6
0.187, -3.086e-6
0.188, -3.091e-6
0.189, -3.098e-6
0.190, -3.106e-6
0.191, -3.104e-6
0.192, -3.101e-6
0.193, -3.076e-6
0.194, -3.084e-6
0.195, -3.087e-6
0.196, -3.090e-6
0.197, -3.096e-6
0.198, -3.100e-6
0.199, -3.102e-6
0.200, -3.104e-6
0.201, -3.112e-6
0.202, -3.111e-6
0.203, -3.109e-6
0.204, -3.115e-6
0.205, -3.109e-6
0.206, -3.109e-6
0.207, -3.114e-6
0.208, -3.119e-6
0.209, -3.132e-6
0.210, -3.133e-6
0.211, -3.138e-6
0.212, -3.141e-6
0.213, -3.140e-6
0.214, -3.140e-6
0.215, -3.139e-6
0.216, -3.135e-6
0.217, -3.141e-6
0.218, -3.147e-6
0.219, -3.162e-6
0.220, -3.181e-6
0.221, -3.202e-6
0.222, -3.215e-6
0.223, -3.216e-6
0.224, -3.202e-6
0.225, -3.194e-6
0.226, -3.206e-6
0.227, -3.229e-6
0.228, -3.237e-6
0.229, -3.239e-6
0.230, -3.226e-6
0.231, -3.213e-6
0.232, -3.226e-6
0.233, -3.241e-6
0.234, -3.237e-6
0.235, -3.232e-6
0.236, -3.239e-6
0.237, -3.239e-6
0.238, -3.235e-6
0.239, -3.234e-6
0.240, -3.243e-6
0.241, -3.247e-6
0.242, -3.238e-6
0.243, -3.237e-6
0.244, -3.238e-6
0.245, -3.241e-6
0.246, -3.239e-6
0.247, -3.249e-6
0.248, -3.277e-6
0.249, -3.311e-6
0.250, -3.326e-6
0.251, -3.340e-6
0.252, -3.360e-6
0.253, -3.379e-6
0.254, -3.388e-6
0.255, -3.394e-6
0.256, -3.395e-6
0.257, -3.371e-6
0.258, -3.385e-6
0.259, -3.383e-6
0.260, -3.375e-6
0.261, -3.361e-6
0.262, -3.352e-6
0.263, -3.347e-6
0.264, -3.344e-6
0.265, -3.345e-6
0.266, -3.348e-6
0.267, -3.350e-6
0.268, -3.351e-6
0.269, -3.362e-6
0.270, -3.365e-6
0.271, -3.371e-6
0.272, -3.385e-6
0.273, -3.395e-6
0.274, -3.394e-6
0.275, -3.410e-6
0.276, -3.420e-6
0.277, -3.439e-6
0.278, -3.453e-6
0.279, -3.485e-6
0.280, -3.503e-6
0.281, -3.511e-6
0.282, -3.530e-6
0.283, -3.534e-6
0.284, -3.544e-6
0.285, -3.546e-6
0.286, -3.541e-6
0.287, -3.557e-6
0.288, -3.574e-6
0.289, -3.590e-6
0.290, -3.595e-6
0.291, -3.588e-6
0.292, -3.562e-6
0.293, -3.558e-6
0.294, -3.560e-6
0.295, -3.564e-6
0.296, -3.564e-6
0.297, -3.569e-6
0.298, -3.586e-6
0.299, -3.603e-6
0.300, -3.614e-6
0.301, -3.621e-6
0.302, -3.640e-6
0.303, -3.653e-6
0.304, -3.647e-6
0.305, -3.641e-6
0.306, -3.635e-6
0.307, -3.635e-6
0.308, -3.634e-6
0.309, -3.630e-6
0.310, -3.622e-6
0.311, -3.619e-6
0.312, -3.618e-6
0.313, -3.622e-6
0.314, -3.618e-6
0.315, -3.624e-6
0.316, -3.627e-6
0.317, -3.635e-6
0.318, -3.645e-6
0.319, -3.658e-6
0.320, -3.667e-6
0.321, -3.639e-6
0.322, -3.643e-6
0.323, -3.647e-6
0.324, -3.651e-6
0.325, -3.663e-6
0.326, -3.662e-6
0.327, -3.669e-6
0.328, -3.681e-6
0.329, -3.689e-6
0.330, -3.700e-6
0.331, -3.706e-6
0.332, -3.709e-6
0.333, -3.713e-6
0.334, -3.715e-6
0.335, -3.724e-6
0.336, -3.738e-6
0.337, -3.754e-6
0.338, -3.766e-6
0.339, -3.781e-6
0.340, -3.802e-6
0.341, -3.813e-6
0.342, -3.829e-6
0.343, -3.840e-6
0.344, -3.862e-6
0.345, -3.884e-6
0.346, -3.900e-6
0.347, -3.919e-6
0.348, -3.929e-6
0.349, -3.938e-6
0.350, -3.947e-6
0.351, -3.950e-6
0.352, -3.952e-6
0.353, -3.965e-6
0.354, -3.974e-6
0.355, -3.987e-6
0.356, -3.999e-6
0.357, -4.010e-6
0.358, -4.032e-6
0.359, -4.059e-6
0.360, -4.074e-6
0.361, -4.070e-6
0.362, -4.076e-6
0.363, -4.077e-6
0.364, -4.075e-6
0.365, -4.059e-6
0.366, -4.046e-6
0.367, -4.049e-6
0.368, -4.052e-6
0.369, -4.061e-6
0.370, -4.079e-6
0.371, -4.087e-6
0.372, -4.108e-6
0.373, -4.119e-6
0.374, -4.130e-6
0.375, -4.144e-6
0.376, -4.158e-6
0.377, -4.166e-6
0.378, -4.181e-6
0.379, -4.213e-6
0.380, -4.252e-6
0.381, -4.274e-6
0.382, -4.296e-6
0.383, -4.306e-6
0.384, -4.324e-6
0.385, -4.298e-6
0.386, -4.318e-6
0.387, -4.327e-6
0.388, -4.329e-6
0.389, -4.300e-6
0.390, -4.306e-6
0.391, -4.336e-6
0.392, -4.350e-6
0.393, -4.345e-6
0.394, -4.344e-6
0.395, -4.348e-6
0.396, -4.346e-6
0.397, -4.355e-6
0.398, -4.368e-6
0.399, -4.387e-6
0.400, -4.405e-6
0.401, -4.414e-6
0.402, -4.424e-6
0.403, -4.425e-6
0.404, -4.418e-6
0.405, -4.418e-6
0.406, -4.429e-6
0.407, -4.434e-6
0.408, -4.432e-6
0.409, -4.438e-6
0.410, -4.442e-6
0.411, -4.447e-6
0.412, -4.457e-6
0.413, -4.463e-6
0.414, -4.468e-6
0.415, -4.480e-6
0.416, -4.491e-6
0.417, -4.504e-6
0.418, -4.511e-6
0.419, -4.526e-6
0.420, -4.535e-6
0.421, -4.541e-6
0.422, -4.555e-6
0.423, -4.575e-6
0.424, -4.588e-6
0.425, -4.604e-6
0.426, -4.618e-6
0.427, -4.639e-6
0.428, -4.651e-6
0.429, -4.664e-6
0.430, -4.687e-6
0.431, -4.708e-6
0.432, -4.723e-6
0.433, -4.729e-6
0.434, -4.745e-6
0.435, -4.761e-6
0.436, -4.772e-6
0.437, -4.781e-6
0.438, -4.794e-6
0.439, -4.807e-6
0.440, -4.815e-6
0.441, -4.822e-6
0.442, -4.843e-6
0.443, -4.856e-6
0.444, -4.893e-6
0.445, -4.930e-6
0.446, -4.966e-6
0.447, -4.987e-6
0.448, -5.019e-6
0.449, -5.018e-6
0.450, -5.046e-6
0.449, -5.064e-6
0.448, -4.734e-6
0.447, -4.567e-6
0.446, -4.487e-6
0.445, -4.386e-6
0.444, -4.288e-6
0.443, -4.204e-6
0.442, -4.132e-6
0.441, -4.071e-6
0.440, -4.022e-6
0.439, -3.969e-6
0.438, -3.929e-6
0.437, -3.895e-6
0.436, -3.874e-6
0.435, -3.832e-6
0.434, -3.779e-6
0.433, -3.734e-6
0.432, -3.691e-6
0.431, -3.651e-6
0.430, -3.617e-6
0.429, -3.586e-6
0.428, -3.557e-6
0.427, -3.521e-6
0.426, -3.479e-6
0.425, -3.444e-6
0.424, -3.417e-6
0.423, -3.392e-6
0.422, -3.359e-6
0.421, -3.331e-6
0.420, -3.296e-6
0.419, -3.266e-6
0.418, -3.242e-6
0.417, -3.235e-6
0.416, -3.208e-6
0.415, -3.184e-6
0.414, -3.151e-6
0.413, -3.126e-6
0.412, -3.113e-6
0.411, -3.096e-6
0.410, -3.085e-6
0.409, -3.080e-6
0.408, -3.066e-6
0.407, -3.051e-6
0.406, -3.036e-6
0.405, -3.028e-6
0.404, -3.010e-6
0.403, -2.992e-6
0.402, -2.973e-6
0.401, -2.940e-6
0.400, -2.921e-6
0.399, -2.908e-6
0.398, -2.898e-6
0.397, -2.886e-6
0.396, -2.872e-6
0.395, -2.858e-6
0.394, -2.843e-6
0.393, -2.829e-6
0.392, -2.798e-6
0.391, -2.770e-6
0.390, -2.726e-6
0.389, -2.696e-6
0.388, -2.663e-6
0.387, -2.643e-6
0.386, -2.639e-6
0.385, -2.630e-6
0.384, -2.611e-6
0.383, -2.598e-6
0.382, -2.584e-6
0.381, -2.496e-6
0.380, -2.423e-6
0.379, -2.381e-6
0.378, -2.334e-6
0.377, -2.301e-6
0.376, -2.257e-6
0.375, -2.222e-6
0.374, -2.195e-6
0.373, -2.165e-6
0.372, -2.143e-6
0.371, -2.125e-6
0.370, -2.104e-6
0.369, -2.070e-6
0.368, -2.031e-6
0.367, -2.007e-6
0.366, -2.000e-6
0.365, -1.977e-6
0.364, -1.953e-6
0.363, -1.928e-6
0.362, -1.897e-6
0.361, -1.874e-6
0.360, -1.846e-6
0.359, -1.827e-6
0.358, -1.807e-6
0.357, -1.794e-6
0.356, -1.773e-6
0.355, -1.756e-6
0.354, -1.738e-6
0.353, -1.737e-6
0.352, -1.730e-6
0.351, -1.718e-6
0.350, -1.692e-6
0.349, -1.656e-6
0.348, -1.625e-6
0.347, -1.602e-6
0.346, -1.578e-6
0.345, -1.549e-6
0.344, -1.527e-6
0.343, -1.505e-6
0.342, -1.480e-6
0.341, -1.457e-6
0.340, -1.430e-6
0.339, -1.405e-6
0.338, -1.385e-6
0.337, -1.369e-6
0.336, -1.348e-6
0.335, -1.330e-6
0.334, -1.307e-6
0.333, -1.287e-6
0.332, -1.266e-6
0.331, -1.242e-6
0.330, -1.225e-6
0.329, -1.201e-6
0.328, -1.179e-6
0.327, -1.157e-6
0.326, -1.136e-6
0.325, -1.115e-6
0.324, -1.094e-6
0.323, -1.074e-6
0.322, -1.062e-6
0.321, -1.047e-6
0.320, -1.031e-6
0.319, -1.009e-6
0.318, -1.014e-6
0.317, -9.780e-7
0.316, -9.498e-7
0.315, -9.299e-7
0.314, -9.051e-7
0.313, -8.820e-7
0.312, -8.658e-7
0.311, -8.472e-7
0.310, -8.322e-7
0.309, -8.272e-7
0.308, -8.245e-7
0.307, -8.017e-7
0.306, -7.868e-7
0.305, -7.762e-7
0.304, -7.734e-7
0.303, -7.610e-7
0.302, -7.473e-7
0.301, -7.355e-7
0.300, -7.217e-7
0.299, -7.032e-7
0.298, -6.827e-7
0.297, -6.662e-7
0.296, -6.502e-7
0.295, -6.294e-7
0.294, -6.105e-7
0.293, -5.904e-7
0.292, -5.723e-7
0.291, -5.556e-7
0.290, -5.408e-7
0.289, -5.249e-7
0.288, -5.115e-7
0.287, -4.965e-7
0.286, -4.826e-7
0.285, -4.704e-7
0.284, -4.583e-7
0.283, -4.462e-7
0.282, -4.377e-7
0.281, -4.258e-7
0.280, -4.062e-7
0.279, -3.918e-7
0.278, -3.739e-7
0.277, -3.566e-7
0.276, -3.407e-7
0.275, -3.211e-7
0.274, -3.042e-7
0.273, -2.937e-7
0.272, -2.846e-7
0.271, -2.696e-7
0.270, -2.466e-7
0.269, -2.174e-7
0.268, -2.015e-7
0.267, -1.935e-7
0.266, -1.821e-7
0.265, -1.689e-7
0.264, -1.576e-7
0.263, -1.410e-7
0.262, -1.242e-7
0.261, -1.160e-7
0.260, -1.040e-7
0.259, -8.973e-8
0.258, -7.485e-8
0.257, -6.044e-8
0.256, -4.435e-8
0.255, -3.739e-8
0.254, -4.878e-8
0.253, -2.192e-8
0.252, -5.576e-9
0.251, 7.145e-9
0.250, 2.095e-8
0.249, 3.850e-8
0.248, 4.128e-8
0.247, 4.897e-8
0.246, 5.937e-8
0.245, 7.221e-8
0.244, 8.260e-8
0.243, 1.034e-7
0.242, 1.211e-7
0.241, 1.376e-7
0.240, 1.571e-7
0.239, 1.712e-7
0.238, 1.867e-7
0.237, 1.939e-7
0.236, 1.964e-7
0.235, 1.990e-7
0.234, 2.084e-7
0.233, 2.170e-7
0.232, 2.300e-7
0.231, 2.387e-7
0.230, 2.479e-7
0.229, 2.549e-7
0.228, 2.591e-7
0.227, 2.673e-7
0.226, 2.741e-7
0.225, 2.846e-7
0.224, 2.958e-7
0.223, 3.059e-7
0.222, 3.175e-7
0.221, 3.305e-7
0.220, 3.444e-7
0.219, 3.563e-7
0.218, 3.658e-7
0.217, 3.826e-7
0.216, 3.962e-7
0.215, 4.102e-7
0.214, 4.243e-7
0.213, 4.367e-7
0.212, 4.562e-7
0.211, 4.694e-7
0.210, 4.845e-7
0.209, 5.015e-7
0.208, 5.137e-7
0.207, 5.303e-7
0.206, 5.434e-7
0.205, 5.561e-7
0.204, 5.681e-7
0.203, 5.777e-7
0.202, 5.930e-7
0.201, 6.021e-7
0.200, 6.154e-7
0.199, 6.285e-7
0.198, 6.375e-7
0.197, 6.518e-7
0.196, 6.671e-7
0.195, 6.797e-7
0.194, 6.916e-7
0.193, 7.017e-7
0.192, 7.080e-7
0.191, 7.213e-7
0.190, 7.103e-7
0.189, 7.400e-7
0.188, 7.538e-7
0.187, 7.685e-7
0.186, 7.810e-7
0.185, 7.932e-7
0.184, 8.028e-7
0.183, 8.147e-7
0.182, 8.264e-7
0.181, 8.361e-7
0.180, 8.468e-7
0.179, 8.603e-7
0.178, 8.709e-7
0.177, 8.813e-7
0.176, 8.909e-7
0.175, 8.990e-7
0.174, 9.079e-7
0.173, 9.194e-7
0.172, 9.208e-7
0.171, 9.367e-7
0.170, 9.429e-7
0.169, 9.519e-7
0.168, 9.604e-7
0.167, 9.649e-7
0.166, 9.717e-7
0.165, 9.790e-7
0.164, 9.873e-7
0.163, 9.978e-7
0.162, 1.001e-6
0.161, 1.004e-6
0.160, 1.013e-6
0.159, 1.016e-6
0.158, 1.027e-6
0.157, 1.030e-6
0.156, 1.035e-6
0.155, 1.041e-6
0.154, 1.043e-6
0.153, 1.053e-6
0.152, 1.057e-6
0.151, 1.063e-6
0.150, 1.071e-6
0.149, 1.072e-6
0.148, 1.082e-6
0.147, 1.084e-6
0.146, 1.088e-6
0.145, 1.095e-6
0.144, 1.098e-6
0.143, 1.099e-6
0.142, 1.103e-6
0.141, 1.106e-6
0.140, 1.109e-6
0.139, 1.111e-6
0.138, 1.116e-6
0.137, 1.117e-6
0.136, 1.119e-6
0.135, 1.123e-6
0.134, 1.125e-6
0.133, 1.126e-6
0.132, 1.129e-6
0.131, 1.129e-6
0.130, 1.131e-6
0.129, 1.131e-6
0.128, 1.130e-6
0.127, 1.133e-6
0.126, 1.112e-6
0.125, 1.131e-6
0.124, 1.136e-6
0.123, 1.142e-6
0.122, 1.145e-6
0.121, 1.146e-6
0.120, 1.148e-6
0.119, 1.150e-6
0.118, 1.152e-6
0.117, 1.155e-6
0.116, 1.156e-6
0.115, 1.155e-6
0.114, 1.160e-6
0.113, 1.163e-6
0.112, 1.164e-6
0.111, 1.169e-6
0.110, 1.169e-6
0.109, 1.171e-6
0.108, 1.176e-6
0.107, 1.180e-6
0.106, 1.185e-6
0.105, 1.193e-6
0.104, 1.203e-6
0.103, 1.205e-6
0.102, 1.211e-6
0.101, 1.215e-6
0.100, 1.220e-6
0.099, 1.222e-6
0.098, 1.225e-6
0.097, 1.229e-6
0.096, 1.228e-6
0.095, 1.232e-6
0.094, 1.240e-6
0.093, 1.239e-6
0.092, 1.246e-6
0.091, 1.247e-6
0.090, 1.249e-6
0.089, 1.256e-6
0.088, 1.258e-6
0.087, 1.257e-6
0.086, 1.260e-6
0.085, 1.265e-6
0.084, 1.265e-6
0.083, 1.270e-6
0.082, 1.271e-6
0.081, 1.273e-6
0.080, 1.272e-6
0.079, 1.276e-6
0.078, 1.281e-6
0.077, 1.281e-6
0.076, 1.282e-6
0.075, 1.287e-6
0.074, 1.290e-6
0.073, 1.296e-6
0.072, 1.295e-6
0.071, 1.302e-6
0.070, 1.310e-6
0.069, 1.312e-6
0.068, 1.320e-6
0.067, 1.321e-6
0.066, 1.327e-6
0.065, 1.334e-6
0.064, 1.335e-6
0.063, 1.339e-6
0.062, 1.319e-6
0.061, 1.341e-6
0.060, 1.350e-6
0.059, 1.360e-6
0.058, 1.368e-6
0.057, 1.372e-6
0.056, 1.384e-6
0.055, 1.398e-6
0.054, 1.413e-6
0.053, 1.421e-6
0.052, 1.436e-6
0.051, 1.448e-6
0.050, 1.462e-6
0.049, 1.480e-6
0.048, 1.494e-6
0.047, 1.510e-6
0.046, 1.530e-6
0.045, 1.546e-6
0.044, 1.561e-6
0.043, 1.583e-6
0.042, 1.596e-6
0.041, 1.620e-6
0.040, 1.638e-6
0.039, 1.658e-6
0.038, 1.686e-6
0.037, 1.707e-6
0.036, 1.731e-6
0.035, 1.753e-6
0.034, 1.766e-6
0.033, 1.780e-6
0.032, 1.800e-6
0.031, 1.818e-6
0.030, 1.833e-6
0.029, 1.851e-6
0.028, 1.863e-6
0.027, 1.872e-6
0.026, 1.882e-6
0.025, 1.893e-6
0.024, 1.906e-6
0.023, 1.914e-6
0.022, 1.926e-6
0.021, 1.938e-6
0.020, 1.949e-6
0.019, 1.958e-6
0.018, 1.969e-6
0.017, 1.982e-6
0.016, 1.991e-6
0.015, 2.000e-6
0.014, 2.006e-6
0.013, 2.014e-6
0.012, 2.026e-6
0.011, 2.034e-6
0.010, 2.041e-6
0.009, 2.047e-6
0.008, 2.054e-6
0.007, 2.060e-6
0.006, 2.066e-6
0.005, 2.078e-6
0.004, 2.089e-6
0.003, 2.095e-6
0.002, 2.105e-6
0.001, 2.116e-6
0.000, 2.119e-6
-0.001, 2.128e-6
-0.002, 2.109e-6
-0.003, 2.136e-6
-0.004, 2.148e-6
-0.005, 2.154e-6
-0.006, 2.165e-6
-0.007, 2.174e-6
-0.008, 2.179e-6
-0.009, 2.179e-6
-0.010, 2.180e-6
-0.011, 2.183e-6
-0.012, 2.188e-6
-0.013, 2.193e-6
-0.014, 2.202e-6
-0.015, 2.214e-6
-0.016, 2.222e-6
-0.017, 2.232e-6
-0.018, 2.239e-6
-0.019, 2.241e-6
-0.020, 2.245e-6
-0.021, 2.252e-6
-0.022, 2.259e-6
-0.023, 2.265e-6
-0.024, 2.273e-6
-0.025, 2.279e-6
-0.026, 2.283e-6
-0.027, 2.294e-6
-0.028, 2.298e-6
-0.029, 2.299e-6
-0.030, 2.304e-6
-0.031, 2.309e-6
-0.032, 2.313e-6
-0.033, 2.315e-6
-0.034, 2.319e-6
-0.035, 2.325e-6
-0.036, 2.335e-6
-0.037, 2.344e-6
-0.038, 2.357e-6
-0.039, 2.362e-6
-0.040, 2.371e-6
-0.041, 2.370e-6
-0.042, 2.375e-6
-0.043, 2.378e-6
-0.044, 2.377e-6
-0.045, 2.372e-6
-0.046, 2.372e-6
-0.047, 2.374e-6
-0.048, 2.378e-6
-0.049, 2.377e-6
-0.050, 2.376e-6
