-0.049, 1.740e-8
-0.048, -8.289e-8
-0.047, -1.062e-7
-0.046, -1.101e-7
-0.045, -1.177e-7
-0.044, -1.209e-7
-0.043, -1.258e-7
-0.042, -1.280e-7
-0.041, -1.325e-7
-0.040, -1.357e-7
-0.039, -1.389e-7
-0.038, -1.415e-7
-0.037, -1.430e-7
-0.036, -1.475e-7
-0.035, -1.490e-7
-0.034, -1.471e-7
-0.033, -1.533e-7
-0.032, -1.576e-7
-0.031, -1.560e-7
-0.030, -1.595e-7
-0.029, -1.625e-7
-0.028, -1.631e-7
-0.027, -1.632e-7
-0.026, -1.683e-7
-0.025, -1.644e-7
-0.024, -1.691e-7
-0.023, -1.720e-7
-0.022, -1.715e-7
-0.021, -1.738e-7
-0.020, -1.738e-7
-0.019, -1.773e-7
-0.018, -1.772e-7
-0.017, -1.807e-7
-0.016, -1.779e-7
-0.015, -1.827e-7
-0.014, -1.820e-7
-0.013, -1.828e-7
-0.012, -1.848e-7
-0.011, -1.880e-7
-0.010, -1.881e-7
-0.009, -1.872e-7
-0.008, -1.896e-7
-0.007, -1.928e-7
-0.006, -1.903e-7
-0.005, -1.945e-7
-0.004, -1.918e-7
-0.003, -1.945e-7
-0.002, -1.956e-7
-0.001, -1.978e-7
-0.000, -1.989e-7
0.001, -1.780e-7
0.002, -1.925e-7
0.003, -1.976e-7
0.004, -1.965e-7
0.005, -1.986e-7
0.006, -2.018e-7
0.007, -2.016e-7
0.008, -2.042e-7
0.009, -2.041e-7
0.010, -2.044e-7
0.011, -2.068e-7
0.012, -2.083e-7
0.013, -2.094e-7
0.014, -2.081e-7
0.015, -2.090e-7
0.016, -2.102e-7
0.017, -2.126e-7
0.018, -2.112e-7
0.019, -2.090e-7
0.020, -2.104e-7
0.021, -2.111e-7
0.022, -2.125e-7
0.023, -2.146e-7
0.024, -2.126e-7
0.025, -2.144e-7
0.026, -2.156e-7
0.027, -2.148e-7
0.028, -2.184e-7
0.029, -2.135e-7
0.030, -2.152e-7
0.031, -2.172e-7
0.032, -2.196e-7
0.033, -2.203e-7
0.034, -2.190e-7
0.035, -2.212e-7
0.036, -2.216e-7
0.037, -2.225e-7
0.038, -2.236e-7
0.039, -2.226e-7
0.040, -2.266e-7
0.041, -2.232e-7
0.042, -2.259e-7
0.043, -2.271e-7
0.044, -2.288e-7
0.045, -2.289e-7
0.046, -2.283e-7
0.047, -2.282e-7
0.048, -2.289e-7
0.049, -2.318e-7
0.050, -2.344e-7
0.051, -2.334e-7
0.052, -2.326e-7
0.053, -2.349e-7
0.054, -2.363e-7
0.055, -2.378e-7
0.056, -2.369e-7
0.057, -2.373e-7
0.058, -2.403e-7
0.059, -2.393e-7
0.060, -2.396e-7
0.061, -2.417e-7
0.062, -2.422e-7
0.063, -2.424e-7
0.064, -2.435e-7
0.065, -2.290e-7
0.066, -2.402e-7
0.067, -2.430e-7
0.068, -2.440e-7
0.069, -2.436e-7
0.070, -2.473e-7
0.071, -2.447e-7
0.072, -2.477e-7
0.073, -2.479e-7
0.074, -2.498e-7
0.075, -2.500e-7
0.076, -2.487e-7
0.077, -2.515e-7
0.078, -2.555e-7
0.079, -2.533e-7
0.080, -2.533e-7
0.081, -2.561e-7
0.082, -2.560e-7
0.083, -2.588e-7
0.084, -2.572e-7
0.085, -2.570e-7
0.086, -2.581e-7
0.087, -2.614e-7
0.088, -2.624e-7
0.089, -2.609e-7
0.090, -2.647e-7
0.091, -2.650e-7
0.092, -2.660e-7
0.093, -2.656e-7
0.094, -2.657e-7
0.095, -2.709e-7
0.096, -2.696e-7
0.097, -2.711e-7
0.098, -2.727e-7
0.099, -2.698e-7
0.100, -2.734e-7
0.101, -2.765e-7
0.102, -2.741e-7
0.103, -2.799e-7
0.104, -2.809e-7
0.105, -2.795e-7
0.106, -2.800e-7
0.107, -2.835e-7
0.108, -2.867e-7
0.109, -2.867e-7
0.110, -2.895e-7
0.111, -2.899e-7
0.112, -2.918e-7
0.113, -2.944e-7
0.114, -2.931e-7
0.115, -3.013e-7
0.116, -3.006e-7
0.117, -3.033e-7
0.118, -3.051e-7
0.119, -3.089e-7
0.120, -3.107e-7
0.121, -3.139e-7
0.122, -3.158e-7
0.123, -3.208e-7
0.124, -3.226e-7
0.125, -3.289e-7
0.126, -3.282e-7
0.127, -3.350e-7
0.128, -3.396e-7
0.129, -3.225e-7
0.130, -3.386e-7
0.131, -3.450e-7
0.132, -3.504e-7
0.133, -3.577e-7
0.134, -3.599e-7
0.135, -3.648e-7
0.136, -3.728e-7
0.137, -3.793e-7
0.138, -3.840e-7
0.139, -3.887e-7
0.140, -3.983e-7
0.141, -4.040e-7
0.142, -4.105e-7
0.143, -4.160e-7
0.144, -4.238e-7
0.145, -4.339e-7
0.146, -4.381e-7
0.147, -4.483e-7
0.148, -4.553e-7
0.149, -4.661e-7
0.150, -4.719e-7
0.151, -4.810e-7
0.152, -4.893e-7
0.153, -4.994e-7
0.154, -5.094e-7
0.155, -5.182e-7
0.156, -5.271e-7
0.157, -5.386e-7
0.158, -5.493e-7
0.159, -5.564e-7
0.160, -5.697e-7
0.161, -5.813e-7
0.162, -5.913e-7
0.163, -6.010e-7
0.164, -6.128e-7
0.165, -6.254e-7
0.166, -6.396e-7
0.167, -6.495e-7
0.168, -6.618e-7
0.169, -6.739e-7
0.170, -6.878e-7
0.171, -6.999e-7
0.172, -7.111e-7
0.173, -7.250e-7
0.174, -7.347e-7
0.175, -7.453e-7
0.176, -7.579e-7
0.177, -7.709e-7
0.178, -7.842e-7
0.179, -7.896e-7
0.180, -8.033e-7
0.181, -8.120e-7
0.182, -8.225e-7
0.183, -8.323e-7
0.184, -8.402e-7
0.185, -8.497e-7
0.186, -8.587e-7
0.187, -8.653e-7
0.188, -8.728e-7
0.189, -8.824e-7
0.190, -8.896e-7
0.191, -8.945e-7
0.192, -9.021e-7
0.193, -8.891e-7
0.194, -9.041e-7
0.195, -9.111e-7
0.196, -9.163e-7
0.197, -9.190e-7
0.198, -9.226e-7
0.199, -9.247e-7
0.200, -9.281e-7
0.201, -9.311e-7
0.202, -9.344e-7
0.203, -9.363e-7
0.204, -9.373e-7
0.205, -9.385e-7
0.206, -9.400e-7
0.207, -9.406e-7
0.208, -9.414e-7
0.209, -9.412e-7
0.210, -9.439e-7
0.211, -9.396e-7
0.212, -9.397e-7
0.213, -9.401e-7
0.214, -9.352e-7
0.215, -9.370e-7
0.216, -9.346e-7
0.217, -9.332e-7
0.218, -9.291e-7
0.219, -9.281e-7
0.220, -9.276e-7
0.221, -9.238e-7
0.222, -9.197e-7
0.223, -9.175e-7
0.224, -9.106e-7
0.225, -9.118e-7
0.226, -9.091e-7
0.227, -9.056e-7
0.228, -9.022e-7
0.229, -9.004e-7
0.230, -8.965e-7
0.231, -8.930e-7
0.232, -8.920e-7
0.233, -8.855e-7
0.234, -8.848e-7
0.235, -8.826e-7
0.236, -8.766e-7
0.237, -8.762e-7
0.238, -8.729e-7
0.239, -8.680e-7
0.240, -8.646e-7
0.241, -8.634e-7
0.242, -8.589e-7
0.243, -8.567e-7
0.244, -8.534e-7
0.245, -8.513e-7
0.246, -8.491e-7
0.247, -8.441e-7
0.248, -8.456e-7
0.249, -8.396e-7
0.250, -8.391e-7
0.251, -8.370e-7
0.252, -8.320e-7
0.253, -8.317e-7
0.254, -8.272e-7
0.255, -8.278e-7
0.256, -8.251e-7
0.257, -7.996e-7
0.258, -8.089e-7
0.259, -8.117e-7
0.260, -8.104e-7
0.261, -8.088e-7
0.262, -8.071e-7
0.263, -8.082e-7
0.264, -8.042e-7
0.265, -8.024e-7
0.266, -8.018e-7
0.267, -8.011e-7
0.268, -8.012e-7
0.269, -7.992e-7
0.270, -7.975e-7
0.271, -7.971e-7
0.272, -7.921e-7
0.273, -7.938e-7
0.274, -7.874e-7
0.275, -7.863e-7
0.276, -7.836e-7
0.277, -7.821e-7
0.278, -7.781e-7
0.279, -7.743e-7
0.280, -7.774e-7
0.281, -7.726e-7
0.282, -7.704e-7
0.283, -7.698e-7
0.284, -7.689e-7
0.285, -7.665e-7
0.286, -7.667e-7
0.287, -7.628e-7
0.288, -7.690e-7
0.289, -7.639e-7
0.290, -7.590e-7
0.291, -7.616e-7
0.292, -7.551e-7
0.293, -7.535e-7
0.294, -7.582e-7
0.295, -7.534e-7
0.296, -7.546e-7
0.297, -7.530e-7
0.298, -7.530e-7
0.299, -7.503e-7
0.300, -7.513e-7
0.301, -7.489e-7
0.302, -7.492e-7
0.303, -7.495e-7
0.304, -7.462e-7
0.305, -7.481e-7
0.306, -7.472e-7
0.307, -7.447e-7
0.308, -7.449e-7
0.309, -7.449e-7
0.310, -7.449e-7
0.311, -7.442e-7
0.312, -7.420e-7
0.313, -7.476e-7
0.314, -7.445e-7
0.315, -7.420e-7
0.316, -7.429e-7
0.317, -7.429e-7
0.318, -7.471e-7
0.319, -7.439e-7
0.320, -7.456e-7
0.321, -7.240e-7
0.322, -7.352e-7
0.323, -7.339e-7
0.324, -7.349e-7
0.325, -7.376e-7
0.326, -7.334e-7
0.327, -7.348e-7
0.328, -7.371e-7
0.329, -7.333e-7
0.330, -7.327e-7
0.331, -7.349e-7
0.332, -7.335e-7
0.333, -7.311e-7
0.334, -7.310e-7
0.335, -7.355e-7
0.336, -7.305e-7
0.337, -7.335e-7
0.338, -7.304e-7
0.339, -7.304e-7
0.340, -7.309e-7
0.341, -7.306e-7
0.342, -7.289e-7
0.343, -7.333e-7
0.344, -7.321e-7
0.345, -7.318e-7
0.346, -7.300e-7
0.347, -7.291e-7
0.348, -7.327e-7
0.349, -7.291e-7
0.350, -7.344e-7
0.351, -7.282e-7
0.352, -7.280e-7
0.353, -7.339e-7
0.354, -7.276e-7
0.355, -7.313e-7
0.356, -7.275e-7
0.357, -7.284e-7
0.358, -7.334e-7
0.359, -7.304e-7
0.360, -7.309e-7
0.361, -7.329e-7
0.362, -7.302e-7
0.363, -7.328e-7
0.364, -7.327e-7
0.365, -7.345e-7
0.366, -7.350e-7
0.367, -7.333e-7
0.368, -7.366e-7
0.369, -7.353e-7
0.370, -7.356e-7
0.371, -7.344e-7
0.372, -7.366e-7
0.373, -7.386e-7
0.374, -7.390e-7
0.375, -7.406e-7
0.376, -7.394e-7
0.377, -7.407e-7
0.378, -7.411e-7
0.379, -7.419e-7
0.380, -7.431e-7
0.381, -7.422e-7
0.382, -7.432e-7
0.383, -7.471e-7
0.384, -7.435e-7
0.385, -7.220e-7
0.386, -7.369e-7
0.387, -7.409e-7
0.388, -7.409e-7
0.389, -7.407e-7
0.390, -7.432e-7
0.391, -7.439e-7
0.392, -7.448e-7
0.393, -7.496e-7
0.394, -7.455e-7
0.395, -7.496e-7
0.396, -7.480e-7
0.397, -7.476e-7
0.398, -7.480e-7
0.399, -7.493e-7
0.400, -7.525e-7
0.401, -7.502e-7
0.402, -7.525e-7
0.403, -7.520e-7
0.404, -7.521e-7
0.405, -7.555e-7
0.406, -7.553e-7
0.407, -7.557e-7
0.408, -7.586e-7
0.409, -7.554e-7
0.410, -7.591e-7
0.411, -7.596e-7
0.412, -7.611e-7
0.413, -7.598e-7
0.414, -7.598e-7
0.415, -7.660e-7
0.416, -7.607e-7
0.417, -7.633e-7
0.418, -7.645e-7
0.419, -7.625e-7
0.420, -7.657e-7
0.421, -7.654e-7
0.422, -7.670e-7
0.423, -7.686e-7
0.424, -7.700e-7
0.425, -7.693e-7
0.426, -7.744e-7
0.427, -7.709e-7
0.428, -7.750e-7
0.429, -7.689e-7
0.430, -7.734e-7
0.431, -7.755e-7
0.432, -7.746e-7
0.433, -7.809e-7
0.434, -7.777e-7
0.435, -7.806e-7
0.436, -7.815e-7
0.437, -7.793e-7
0.438, -7.849e-7
0.439, -7.851e-7
0.440, -7.852e-7
0.441, -7.831e-7
0.442, -7.861e-7
0.443, -7.896e-7
0.444, -7.875e-7
0.445, -7.892e-7
0.446, -7.910e-7
0.447, -7.945e-7
0.448, -7.990e-7
0.449, -7.703e-7
0.450, -7.871e-7
0.449, -7.914e-7
0.448, -5.503e-7
0.447, -4.997e-7
0.446, -4.947e-7
0.445, -4.641e-7
0.444, -4.452e-7
0.443, -4.353e-7
0.442, -4.256e-7
0.441, -4.151e-7
0.440, -4.070e-7
0.439, -3.995e-7
0.438, -3.908e-7
0.437, -3.873e-7
0.436, -3.773e-7
0.435, -3.715e-7
0.434, -3.695e-7
0.433, -3.616e-7
0.432, -3.512e-7
0.431, -3.509e-7
0.430, -3.488e-7
0.429, -3.398e-7
0.428, -3.378e-7
0.427, -3.373e-7
0.426, -3.366e-7
0.425, -3.356e-7
0.424, -3.330e-7
0.423, -3.285e-7
0.422, -3.278e-7
0.421, -3.256e-7
0.420, -3.219e-7
0.419, -3.211e-7
0.418, -3.160e-7
0.417, -3.182e-7
0.416, -3.100e-7
0.415, -3.106e-7
0.414, -3.054e-7
0.413, -3.037e-7
0.412, -3.034e-7
0.411, -3.002e-7
0.410, -2.986e-7
0.409, -2.956e-7
0.408, -2.898e-7
0.407, -2.920e-7
0.406, -2.888e-7
0.405, -2.872e-7
0.404, -2.846e-7
0.403, -2.799e-7
0.402, -2.791e-7
0.401, -2.741e-7
0.400, -2.743e-7
0.399, -2.748e-7
0.398, -2.664e-7
0.397, -2.673e-7
0.396, -2.674e-7
0.395, -2.653e-7
0.394, -2.618e-7
0.393, -2.616e-7
0.392, -2.622e-7
0.391, -2.568e-7
0.390, -2.596e-7
0.389, -2.573e-7
0.388, -2.542e-7
0.387, -2.569e-7
0.386, -2.559e-7
0.385, -2.529e-7
0.384, -2.545e-7
0.383, -2.519e-7
0.382, -2.723e-7
0.381, -2.499e-7
0.380, -2.420e-7
0.379, -2.453e-7
0.378, -2.414e-7
0.377, -2.440e-7
0.376, -2.366e-7
0.375, -2.381e-7
0.374, -2.385e-7
0.373, -2.367e-7
0.372, -2.368e-7
0.371, -2.331e-7
0.370, -2.345e-7
0.369, -2.343e-7
0.368, -2.334e-7
0.367, -2.324e-7
0.366, -2.303e-7
0.365, -2.332e-7
0.364, -2.313e-7
0.363, -2.296e-7
0.362, -2.285e-7
0.361, -2.282e-7
0.360, -2.303e-7
0.359, -2.298e-7
0.358, -2.283e-7
0.357, -2.249e-7
0.356, -2.254e-7
0.355, -2.231e-7
0.354, -2.223e-7
0.353, -2.194e-7
0.352, -2.210e-7
0.351, -2.195e-7
0.350, -2.180e-7
0.349, -2.193e-7
0.348, -2.181e-7
0.347, -2.150e-7
0.346, -2.144e-7
0.345, -2.122e-7
0.344, -2.115e-7
0.343, -2.126e-7
0.342, -2.098e-7
0.341, -2.053e-7
0.340, -2.056e-7
0.339, -2.045e-7
0.338, -2.038e-7
0.337, -2.049e-7
0.336, -2.014e-7
0.335, -2.028e-7
0.334, -1.984e-7
0.333, -1.990e-7
0.332, -1.962e-7
0.331, -1.942e-7
0.330, -1.957e-7
0.329, -1.930e-7
0.328, -1.922e-7
0.327, -1.913e-7
0.326, -1.916e-7
0.325, -1.919e-7
0.324, -1.912e-7
0.323, -1.880e-7
0.322, -1.898e-7
0.321, -1.861e-7
0.320, -1.898e-7
0.319, -1.867e-7
0.318, -2.030e-7
0.317, -1.849e-7
0.316, -1.825e-7
0.315, -1.806e-7
0.314, -1.828e-7
0.313, -1.824e-7
0.312, -1.819e-7
0.311, -1.775e-7
0.310, -1.768e-7
0.309, -1.791e-7
0.308, -1.811e-7
0.307, -1.768e-7
0.306, -1.778e-7
0.305, -1.762e-7
0.304, -1.740e-7
0.303, -1.761e-7
0.302, -1.739e-7
0.301, -1.739e-7
0.300, -1.754e-7
0.299, -1.734e-7
0.298, -1.739e-7
0.297, -1.743e-7
0.296, -1.735e-7
0.295, -1.725e-7
0.294, -1.697e-7
0.293, -1.718e-7
0.292, -1.723e-7
0.291, -1.691e-7
0.290, -1.716e-7
0.289, -1.694e-7
0.288, -1.683e-7
0.287, -1.672e-7
0.286, -1.651e-7
0.285, -1.657e-7
0.284, -1.651e-7
0.283, -1.633e-7
0.282, -1.641e-7
0.281, -1.620e-7
0.280, -1.609e-7
0.279, -1.599e-7
0.278, -1.586e-7
0.277, -1.593e-7
0.276, -1.574e-7
0.275, -1.583e-7
0.274, -1.544e-7
0.273, -1.552e-7
0.272, -1.545e-7
0.271, -1.515e-7
0.270, -1.503e-7
0.269, -1.533e-7
0.268, -1.499e-7
0.267, -1.506e-7
0.266, -1.487e-7
0.265, -1.518e-7
0.264, -1.475e-7
0.263, -1.477e-7
0.262, -1.466e-7
0.261, -1.428e-7
0.260, -1.446e-7
0.259, -1.447e-7
0.258, -1.430e-7
0.257, -1.436e-7
0.256, -1.397e-7
0.255, -1.435e-7
0.254, -1.590e-7
0.253, -1.401e-7
0.252, -1.375e-7
0.251, -1.337e-7
0.250, -1.320e-7
0.249, -1.281e-7
0.248, -1.299e-7
0.247, -1.273e-7
0.246, -1.243e-7
0.245, -1.219e-7
0.244, -1.232e-7
0.243, -1.178e-7
0.242, -1.171e-7
0.241, -1.139e-7
0.240, -1.121e-7
0.239, -1.104e-7
0.238, -1.085e-7
0.237, -1.070e-7
0.236, -1.084e-7
0.235, -1.082e-7
0.234, -1.030e-7
0.233, -1.013e-7
0.232, -1.003e-7
0.231, -9.531e-8
0.230, -9.484e-8
0.229, -9.345e-8
0.228, -8.894e-8
0.227, -9.127e-8
0.226, -8.726e-8
0.225, -8.593e-8
0.224, -8.497e-8
0.223, -8.111e-8
0.222, -8.137e-8
0.221, -8.017e-8
0.220, -7.550e-8
0.219, -7.612e-8
0.218, -7.172e-8
0.217, -7.097e-8
0.216, -6.970e-8
0.215, -6.679e-8
0.214, -6.741e-8
0.213, -6.362e-8
0.212, -6.205e-8
0.211, -5.804e-8
0.210, -5.974e-8
0.209, -5.702e-8
0.208, -5.363e-8
0.207, -5.377e-8
0.206, -4.790e-8
0.205, -5.005e-8
0.204, -4.662e-8
0.203, -4.608e-8
0.202, -4.146e-8
0.201, -4.193e-8
0.200, -3.799e-8
0.199, -3.619e-8
0.198, -3.535e-8
0.197, -3.173e-8
0.196, -3.218e-8
0.195, -2.862e-8
0.194, -2.728e-8
0.193, -2.580e-8
0.192, -2.388e-8
0.191, -2.378e-8
0.190, -3.543e-8
0.189, -1.644e-8
0.188, -1.266e-8
0.187, -1.016e-8
0.186, -8.181e-9
0.185, -4.480e-9
0.184, -4.853e-9
0.183, -9.376e-10
0.182, 3.369e-9
0.181, 6.735e-9
0.180, 7.419e-9
0.179, 1.180e-8
0.178, 1.639e-8
0.177, 1.867e-8
0.176, 1.995e-8
0.175, 2.230e-8
0.174, 2.864e-8
0.173, 2.840e-8
0.172, 3.024e-8
0.171, 3.770e-8
0.170, 3.815e-8
0.169, 4.015e-8
0.168, 4.829e-8
0.167, 4.432e-8
0.166, 5.164e-8
0.165, 5.187e-8
0.164, 5.634e-8
0.163, 5.929e-8
0.162, 6.074e-8
0.161, 6.497e-8
0.160, 6.931e-8
0.159, 7.100e-8
0.158, 7.689e-8
0.157, 7.544e-8
0.156, 8.051e-8
0.155, 8.057e-8
0.154, 8.732e-8
0.153, 8.593e-8
0.152, 9.249e-8
0.151, 9.243e-8
0.150, 9.907e-8
0.149, 9.930e-8
0.148, 1.020e-7
0.147, 1.052e-7
0.146, 1.067e-7
0.145, 1.083e-7
0.144, 1.127e-7
0.143, 1.124e-7
0.142, 1.163e-7
0.141, 1.189e-7
0.140, 1.184e-7
0.139, 1.236e-7
0.138, 1.262e-7
0.137, 1.259e-7
0.136, 1.312e-7
0.135, 1.303e-7
0.134, 1.327e-7
0.133, 1.366e-7
0.132, 1.394e-7
0.131, 1.374e-7
0.130, 1.407e-7
0.129, 1.436e-7
0.128, 1.445e-7
0.127, 1.433e-7
0.126, 1.325e-7
0.125, 1.493e-7
0.124, 1.545e-7
0.123, 1.553e-7
0.122, 1.504e-7
0.121, 1.568e-7
0.120, 1.576e-7
0.119, 1.581e-7
0.118, 1.600e-7
0.117, 1.594e-7
0.116, 1.624e-7
0.115, 1.621e-7
0.114, 1.619e-7
0.113, 1.660e-7
0.112, 1.661e-7
0.111, 1.641e-7
0.110, 1.699e-7
0.109, 1.647e-7
0.108, 1.698e-7
0.107, 1.684e-7
0.106, 1.694e-7
0.105, 1.716e-7
0.104, 1.727e-7
0.103, 1.719e-7
0.102, 1.722e-7
0.101, 1.740e-7
0.100, 1.764e-7
0.099, 1.755e-7
0.098, 1.771e-7
0.097, 1.751e-7
0.096, 1.780e-7
0.095, 1.779e-7
0.094, 1.785e-7
0.093, 1.806e-7
0.092, 1.798e-7
0.091, 1.821e-7
0.090, 1.857e-7
0.089, 1.837e-7
0.088, 1.873e-7
0.087, 1.861e-7
0.086, 1.861e-7
0.085, 1.878e-7
0.084, 1.878e-7
0.083, 1.908e-7
0.082, 1.902e-7
0.081, 1.932e-7
0.080, 1.933e-7
0.079, 1.922e-7
0.078, 1.973e-7
0.077, 1.946e-7
0.076, 1.935e-7
0.075, 1.969e-7
0.074, 1.972e-7
0.073, 1.992e-7
0.072, 1.976e-7
0.071, 2.011e-7
0.070, 2.008e-7
0.069, 2.023e-7
0.068, 2.017e-7
0.067, 2.019e-7
0.066, 2.037e-7
0.065, 2.045e-7
0.064, 2.046e-7
0.063, 2.073e-7
0.062, 1.932e-7
0.061, 2.081e-7
0.060, 2.089e-7
0.059, 2.085e-7
0.058, 2.121e-7
0.057, 2.109e-7
0.056, 2.126e-7
0.055, 2.125e-7
0.054, 2.140e-7
0.053, 2.151e-7
0.052, 2.135e-7
0.051, 2.140e-7
0.050, 2.166e-7
0.049, 2.164e-7
0.048, 2.144e-7
0.047, 2.164e-7
0.046, 2.186e-7
0.045, 2.190e-7
0.044, 2.185e-7
0.043, 2.173e-7
0.042, 2.176e-7
0.041, 2.189e-7
0.040, 2.188e-7
0.039, 2.182e-7
0.038, 2.181e-7
0.037, 2.177e-7
0.036, 2.180e-7
0.035, 2.184e-7
0.034, 2.175e-7
0.033, 2.187e-7
0.032, 2.193e-7
0.031, 2.185e-7
0.030, 2.211e-7
0.029, 2.189e-7
0.028, 2.201e-7
0.027, 2.185e-7
0.026, 2.212e-7
0.025, 2.225e-7
0.024, 2.196e-7
0.023, 2.214e-7
0.022, 2.245e-7
0.021, 2.226e-7
0.020, 2.206e-7
0.019, 2.208e-7
0.018, 2.272e-7
0.017, 2.227e-7
0.016, 2.253e-7
0.015, 2.224e-7
0.014, 2.245e-7
0.013, 2.256e-7
0.012, 2.265e-7
0.011, 2.227e-7
0.010, 2.265e-7
0.009, 2.252e-7
0.008, 2.258e-7
0.007, 2.259e-7
0.006, 2.272e-7
0.005, 2.284e-7
0.004, 2.236e-7
0.003, 2.280e-7
0.002, 2.258e-7
0.001, 2.297e-7
0.000, 2.287e-7
-0.001, 2.282e-7
-0.002, 2.167e-7
-0.003, 2.299e-7
-0.004, 2.329e-7
-0.005, 2.329e-7
-0.006, 2.307e-7
-0.007, 2.341e-7
-0.008, 2.362e-7
-0.009, 2.352e-7
-0.010, 2.360e-7
-0.011, 2.352e-7
-0.012, 2.376e-7
-0.013, 2.375e-7
-0.014, 2.399e-7
-0.015, 2.400e-7
-0.016, 2.376e-7
-0.017, 2.417e-7
-0.018, 2.414e-7
-0.019, 2.426e-7
-0.020, 2.416e-7
-0.021, 2.422e-7
-0.022, 2.453e-7
-0.023, 2.440e-7
-0.024, 2.454e-7
-0.025, 2.455e-7
-0.026, 2.460e-7
-0.027, 2.455e-7
-0.028, 2.479e-7
-0.029, 2.487e-7
-0.030, 2.489e-7
-0.031, 2.488e-7
-0.032, 2.519e-7
-0.033, 2.500e-7
-0.034, 2.513e-7
-0.035, 2.536e-7
-0.036, 2.510e-7
-0.037, 2.541e-7
-0.038, 2.506e-7
-0.039, 2.534e-7
-0.040, 2.568e-7
-0.041, 2.554e-7
-0.042, 2.575e-7
-0.043, 2.573e-7
-0.044, 2.578e-7
-0.045, 2.590e-7
-0.046, 2.583e-7
-0.047, 2.609e-7
-0.048, 2.606e-7
-0.049, 2.611e-7
-0.050, 2.626e-7
