-0.099, 1.740e-7
-0.098, 1.213e-7
-0.097, 1.078e-7
-0.096, 9.881e-8
-0.095, 9.021e-8
-0.094, 8.270e-8
-0.093, 7.787e-8
-0.092, 7.302e-8
-0.091, 6.961e-8
-0.090, 6.264e-8
-0.089, 6.025e-8
-0.088, 5.497e-8
-0.087, 5.074e-8
-0.086, 4.736e-8
-0.085, 4.230e-8
-0.084, 3.874e-8
-0.083, 3.561e-8
-0.082, 3.358e-8
-0.081, 2.933e-8
-0.080, 2.572e-8
-0.079, 2.308e-8
-0.078, 2.012e-8
-0.077, 1.802e-8
-0.076, 1.458e-8
-0.075, 1.220e-8
-0.074, 8.974e-9
-0.073, 7.227e-9
-0.072, 4.183e-9
-0.071, 2.424e-9
-0.070, 1.599e-10
-0.069, -2.797e-9
-0.068, -3.768e-9
-0.067, -7.866e-9
-0.066, -9.064e-9
-0.065, -1.121e-8
-0.064, -1.420e-8
-0.063, -7.015e-9
-0.062, -1.440e-8
-0.061, -1.640e-8
-0.060, -1.990e-8
-0.059, -2.205e-8
-0.058, -2.176e-8
-0.057, -2.426e-8
-0.056, -2.625e-8
-0.055, -2.849e-8
-0.054, -3.145e-8
-0.053, -3.243e-8
-0.052, -3.462e-8
-0.051, -3.576e-8
-0.050, -3.631e-8
-0.049, -3.801e-8
-0.048, -4.143e-8
-0.047, -4.183e-8
-0.046, -4.332e-8
-0.045, -4.423e-8
-0.044, -4.642e-8
-0.043, -4.615e-8
-0.042, -4.818e-8
-0.041, -4.962e-8
-0.040, -5.142e-8
-0.039, -5.288e-8
-0.038, -5.334e-8
-0.037, -5.433e-8
-0.036, -5.511e-8
-0.035, -5.770e-8
-0.034, -5.841e-8
-0.033, -6.020e-8
-0.032, -6.131e-8
-0.031, -6.210e-8
-0.030, -6.354e-8
-0.029, -6.350e-8
-0.028, -6.429e-8
-0.027, -6.707e-8
-0.026, -6.732e-8
-0.025, -6.693e-8
-0.024, -6.976e-8
-0.023, -6.979e-8
-0.022, -6.932e-8
-0.021, -7.157e-8
-0.020, -7.254e-8
-0.019, -7.382e-8
-0.018, -7.477e-8
-0.017, -7.467e-8
-0.016, -7.609e-8
-0.015, -7.638e-8
-0.014, -7.827e-8
-0.013, -7.871e-8
-0.012, -7.960e-8
-0.011, -7.963e-8
-0.010, -8.317e-8
-0.009, -8.078e-8
-0.008, -8.359e-8
-0.007, -8.268e-8
-0.006, -8.398e-8
-0.005, -8.502e-8
-0.004, -8.598e-8
-0.003, -8.709e-8
-0.002, -8.670e-8
-0.001, -8.875e-8
0.000, -8.859e-8
0.001, -8.035e-8
0.002, -8.677e-8
0.003, -8.786e-8
0.004, -8.872e-8
0.005, -8.901e-8
0.006, -9.012e-8
0.007, -9.029e-8
0.008, -9.244e-8
0.009, -9.255e-8
0.010, -9.280e-8
0.011, -9.382e-8
0.012, -9.529e-8
0.013, -9.540e-8
0.014, -9.544e-8
0.015, -9.687e-8
0.016, -9.719e-8
0.017, -9.939e-8
0.018, -9.746e-8
0.019, -9.969e-8
0.020, -9.957e-8
0.021, -1.004e-7
0.022, -1.023e-7
0.023, -1.017e-7
0.024, -1.017e-7
0.025, -1.031e-7
0.026, -1.038e-7
0.027, -1.037e-7
0.028, -1.072e-7
0.029, -1.060e-7
0.030, -1.061e-7
0.031, -1.067e-7
0.032, -1.078e-7
0.033, -1.084e-7
0.034, -1.083e-7
0.035, -1.093e-7
0.036, -1.098e-7
0.037, -1.116e-7
0.038, -1.108e-7
0.039, -1.122e-7
0.040, -1.119e-7
0.041, -1.126e-7
0.042, -1.136e-7
0.043, -1.132e-7
0.044, -1.149e-7
0.045, -1.147e-7
0.046, -1.152e-7
0.047, -1.152e-7
0.048, -1.167e-7
0.049, -1.170e-7
0.050, -1.183e-7
0.051, -1.185e-7
0.052, -1.206e-7
0.053, -1.189e-7
0.054, -1.208e-7
0.055, -1.213e-7
0.056, -1.212e-7
0.057, -1.228e-7
0.058, -1.232e-7
0.059, -1.254e-7
0.060, -1.241e-7
0.061, -1.251e-7
0.062, -1.266e-7
0.063, -1.263e-7
0.064, -1.279e-7
0.065, -1.201e-7
0.066, -1.262e-7
0.067, -1.275e-7
0.068, -1.280e-7
0.069, -1.303e-7
0.070, -1.301e-7
0.071, -1.317e-7
0.072, -1.319e-7
0.073, -1.336e-7
0.074, -1.333e-7
0.075, -1.347e-7
0.076, -1.349e-7
0.077, -1.364e-7
0.078, -1.358e-7
0.079, -1.374e-7
0.080, -1.382e-7
0.081, -1.397e-7
0.082, -1.399e-7
0.083, -1.408e-7
0.084, -1.409e-7
0.085, -1.435e-7
0.086, -1.422e-7
0.087, -1.443e-7
0.088, -1.447e-7
0.089, -1.460e-7
0.090, -1.462e-7
0.091, -1.473e-7
0.092, -1.483e-7
0.093, -1.476e-7
0.094, -1.496e-7
0.095, -1.503e-7
0.096, -1.513e-7
0.097, -1.523e-7
0.098, -1.533e-7
0.099, -1.536e-7
0.100, -1.546e-7
0.101, -1.549e-7
0.102, -1.563e-7
0.103, -1.581e-7
0.104, -1.581e-7
0.105, -1.584e-7
0.106, -1.589e-7
0.107, -1.599e-7
0.108, -1.608e-7
0.109, -1.623e-7
0.110, -1.620e-7
0.111, -1.634e-7
0.112, -1.639e-7
0.113, -1.651e-7
0.114, -1.668e-7
0.115, -1.675e-7
0.116, -1.678e-7
0.117, -1.697e-7
0.118, -1.698e-7
0.119, -1.714e-7
0.120, -1.724e-7
0.121, -1.729e-7
0.122, -1.740e-7
0.123, -1.751e-7
0.124, -1.755e-7
0.125, -1.765e-7
0.126, -1.775e-7
0.127, -1.781e-7
0.128, -1.814e-7
0.129, -1.699e-7
0.130, -1.783e-7
0.131, -1.798e-7
0.132, -1.809e-7
0.133, -1.826e-7
0.134, -1.839e-7
0.135, -1.837e-7
0.136, -1.853e-7
0.137, -1.870e-7
0.138, -1.880e-7
0.139, -1.884e-7
0.140, -1.912e-7
0.141, -1.912e-7
0.142, -1.930e-7
0.143, -1.929e-7
0.144, -1.944e-7
0.145, -1.976e-7
0.146, -1.965e-7
0.147, -1.980e-7
0.148, -1.994e-7
0.149, -2.019e-7
0.150, -2.020e-7
0.151, -2.030e-7
0.152, -2.046e-7
0.153, -2.049e-7
0.154, -2.073e-7
0.155, -2.097e-7
0.156, -2.094e-7
0.157, -2.109e-7
0.158, -2.138e-7
0.159, -2.124e-7
0.160, -2.145e-7
0.161, -2.171e-7
0.162, -2.171e-7
0.163, -2.185e-7
0.164, -2.212e-7
0.165, -2.227e-7
0.166, -2.251e-7
0.167, -2.247e-7
0.168, -2.262e-7
0.169, -2.271e-7
0.170, -2.305e-7
0.171, -2.306e-7
0.172, -2.324e-7
0.173, -2.354e-7
0.174, -2.359e-7
0.175, -2.370e-7
0.176, -2.389e-7
0.177, -2.404e-7
0.178, -2.424e-7
0.179, -2.444e-7
0.180, -2.459e-7
0.181, -2.475e-7
0.182, -2.477e-7
0.183, -2.514e-7
0.184, -2.526e-7
0.185, -2.544e-7
0.186, -2.567e-7
0.187, -2.592e-7
0.188, -2.612e-7
0.189, -2.640e-7
0.190, -2.653e-7
0.191, -2.670e-7
0.192, -2.697e-7
0.193, -2.593e-7
0.194, -2.686e-7
0.195, -2.725e-7
0.196, -2.744e-7
0.197, -2.753e-7
0.198, -2.789e-7
0.199, -2.809e-7
0.200, -2.843e-7
0.201, -2.857e-7
0.202, -2.880e-7
0.203, -2.898e-7
0.204, -2.935e-7
0.205, -2.942e-7
0.206, -2.980e-7
0.207, -2.999e-7
0.208, -3.025e-7
0.209, -3.054e-7
0.210, -3.085e-7
0.211, -3.106e-7
0.212, -3.133e-7
0.213, -3.147e-7
0.214, -3.172e-7
0.215, -3.219e-7
0.216, -3.244e-7
0.217, -3.257e-7
0.218, -3.295e-7
0.219, -3.330e-7
0.220, -3.343e-7
0.221, -3.387e-7
0.222, -3.399e-7
0.223, -3.443e-7
0.224, -3.473e-7
0.225, -3.506e-7
0.226, -3.525e-7
0.227, -3.571e-7
0.228, -3.598e-7
0.229, -3.648e-7
0.230, -3.652e-7
0.231, -3.697e-7
0.232, -3.735e-7
0.233, -3.760e-7
0.234, -3.791e-7
0.235, -3.834e-7
0.236, -3.869e-7
0.237, -3.898e-7
0.238, -3.927e-7
0.239, -3.956e-7
0.240, -4.002e-7
0.241, -4.048e-7
0.242, -4.077e-7
0.243, -4.110e-7
0.244, -4.154e-7
0.245, -4.200e-7
0.246, -4.220e-7
0.247, -4.269e-7
0.248, -4.310e-7
0.249, -4.356e-7
0.250, -4.390e-7
0.251, -4.444e-7
0.252, -4.469e-7
0.253, -4.514e-7
0.254, -4.557e-7
0.255, -4.627e-7
0.256, -4.636e-7
0.257, -4.525e-7
0.258, -4.654e-7
0.259, -4.700e-7
0.260, -4.765e-7
0.261, -4.829e-7
0.262, -4.855e-7
0.263, -4.890e-7
0.264, -4.957e-7
0.265, -5.007e-7
0.266, -5.047e-7
0.267, -5.102e-7
0.268, -5.149e-7
0.269, -5.189e-7
0.270, -5.257e-7
0.271, -5.297e-7
0.272, -5.359e-7
0.273, -5.404e-7
0.274, -5.441e-7
0.275, -5.509e-7
0.276, -5.548e-7
0.277, -5.613e-7
0.278, -5.639e-7
0.279, -5.711e-7
0.280, -5.770e-7
0.281, -5.808e-7
0.282, -5.876e-7
0.283, -5.927e-7
0.284, -6.002e-7
0.285, -6.057e-7
0.286, -6.111e-7
0.287, -6.180e-7
0.288, -6.239e-7
0.289, -6.316e-7
0.290, -6.382e-7
0.291, -6.428e-7
0.292, -6.488e-7
0.293, -6.564e-7
0.294, -6.621e-7
0.295, -6.690e-7
0.296, -6.769e-7
0.297, -6.829e-7
0.298, -6.909e-7
0.299, -6.968e-7
0.300, -7.043e-7
0.301, -7.122e-7
0.302, -7.169e-7
0.303, -7.268e-7
0.304, -7.329e-7
0.305, -7.408e-7
0.306, -7.481e-7
0.307, -7.556e-7
0.308, -7.628e-7
0.309, -7.724e-7
0.310, -7.771e-7
0.311, -7.869e-7
0.312, -7.930e-7
0.313, -8.018e-7
0.314, -8.094e-7
0.315, -8.158e-7
0.316, -8.229e-7
0.317, -8.336e-7
0.318, -8.420e-7
0.319, -8.474e-7
0.320, -8.577e-7
0.321, -8.426e-7
0.322, -8.592e-7
0.323, -8.678e-7
0.324, -8.781e-7
0.325, -8.845e-7
0.326, -8.920e-7
0.327, -8.976e-7
0.328, -9.078e-7
0.329, -9.156e-7
0.330, -9.220e-7
0.331, -9.311e-7
0.332, -9.359e-7
0.333, -9.446e-7
0.334, -9.510e-7
0.335, -9.573e-7
0.336, -9.645e-7
0.337, -9.729e-7
0.338, -9.784e-7
0.339, -9.850e-7
0.340, -9.910e-7
0.341, -1.003e-6
0.342, -1.001e-6
0.343, -1.010e-6
0.344, -1.018e-6
0.345, -1.024e-6
0.346, -1.031e-6
0.347, -1.034e-6
0.348, -1.039e-6
0.349, -1.045e-6
0.350, -1.050e-6
0.351, -1.054e-6
0.352, -1.060e-6
0.353, -1.067e-6
0.354, -1.066e-6
0.355, -1.073e-6
0.356, -1.076e-6
0.357, -1.078e-6
0.358, -1.085e-6
0.359, -1.086e-6
0.360, -1.090e-6
0.361, -1.094e-6
0.362, -1.098e-6
0.363, -1.098e-6
0.364, -1.101e-6
0.365, -1.105e-6
0.366, -1.105e-6
0.367, -1.107e-6
0.368, -1.108e-6
0.369, -1.112e-6
0.370, -1.112e-6
0.371, -1.114e-6
0.372, -1.115e-6
0.373, -1.116e-6
0.374, -1.115e-6
0.375, -1.115e-6
0.376, -1.117e-6
0.377, -1.118e-6
0.378, -1.118e-6
0.379, -1.120e-6
0.380, -1.118e-6
0.381, -1.119e-6
0.382, -1.120e-6
0.383, -1.118e-6
0.384, -1.119e-6
0.385, -1.095e-6
0.386, -1.104e-6
0.387, -1.108e-6
0.388, -1.107e-6
0.389, -1.106e-6
0.390, -1.105e-6
0.391, -1.101e-6
0.392, -1.103e-6
0.393, -1.100e-6
0.394, -1.098e-6
0.395, -1.097e-6
0.396, -1.097e-6
0.397, -1.095e-6
0.398, -1.093e-6
0.399, -1.090e-6
0.400, -1.091e-6
0.401, -1.091e-6
0.402, -1.087e-6
0.403, -1.086e-6
0.404, -1.083e-6
0.405, -1.084e-6
0.406, -1.078e-6
0.407, -1.080e-6
0.408, -1.076e-6
0.409, -1.078e-6
0.410, -1.073e-6
0.411, -1.072e-6
0.412, -1.070e-6
0.413, -1.065e-6
0.414, -1.066e-6
0.415, -1.064e-6
0.416, -1.061e-6
0.417, -1.061e-6
0.418, -1.060e-6
0.419, -1.057e-6
0.420, -1.057e-6
0.421, -1.055e-6
0.422, -1.052e-6
0.423, -1.050e-6
0.424, -1.049e-6
0.425, -1.046e-6
0.426, -1.045e-6
0.427, -1.043e-6
0.428, -1.042e-6
0.429, -1.042e-6
0.430, -1.041e-6
0.431, -1.039e-6
0.432, -1.036e-6
0.433, -1.038e-6
0.434, -1.035e-6
0.435, -1.033e-6
0.436, -1.034e-6
0.437, -1.033e-6
0.438, -1.031e-6
0.439, -1.029e-6
0.440, -1.030e-6
0.441, -1.027e-6
0.442, -1.027e-6
0.443, -1.026e-6
0.444, -1.026e-6
0.445, -1.026e-6
0.446, -1.027e-6
0.447, -1.025e-6
0.448, -1.025e-6
0.449, -1.004e-6
0.450, -1.013e-6
0.451, -1.015e-6
0.452, -1.014e-6
0.453, -1.015e-6
0.454, -1.013e-6
0.455, -1.013e-6
0.456, -1.013e-6
0.457, -1.014e-6
0.458, -1.012e-6
0.459, -1.013e-6
0.460, -1.013e-6
0.461, -1.011e-6
0.462, -1.014e-6
0.463, -1.014e-6
0.464, -1.012e-6
0.465, -1.016e-6
0.466, -1.012e-6
0.467, -1.013e-6
0.468, -1.016e-6
0.469, -1.014e-6
0.470, -1.012e-6
0.471, -1.014e-6
0.472, -1.015e-6
0.473, -1.016e-6
0.474, -1.014e-6
0.475, -1.017e-6
0.476, -1.012e-6
0.477, -1.015e-6
0.478, -1.015e-6
0.479, -1.017e-6
0.480, -1.019e-6
0.481, -1.018e-6
0.482, -1.016e-6
0.483, -1.019e-6
0.484, -1.019e-6
0.485, -1.020e-6
0.486, -1.022e-6
0.487, -1.022e-6
0.488, -1.023e-6
0.489, -1.023e-6
0.490, -1.024e-6
0.491, -1.022e-6
0.492, -1.026e-6
0.493, -1.026e-6
0.494, -1.027e-6
0.495, -1.027e-6
0.496, -1.031e-6
0.497, -1.030e-6
0.498, -1.029e-6
0.499, -1.033e-6
0.500, -1.033e-6
0.499, -1.034e-6
0.498, -8.246e-7
0.497, -7.559e-7
0.496, -7.095e-7
0.495, -6.732e-7
0.494, -6.388e-7
0.493, -6.116e-7
0.492, -5.855e-7
0.491, -5.628e-7
0.490, -5.409e-7
0.489, -5.229e-7
0.488, -5.014e-7
0.487, -4.852e-7
0.486, -4.698e-7
0.485, -4.554e-7
0.484, -4.389e-7
0.483, -4.250e-7
0.482, -4.102e-7
0.481, -3.968e-7
0.480, -3.829e-7
0.479, -3.692e-7
0.478, -3.583e-7
0.477, -3.473e-7
0.476, -3.344e-7
0.475, -3.247e-7
0.474, -3.132e-7
0.473, -3.043e-7
0.472, -2.955e-7
0.471, -2.852e-7
0.470, -2.783e-7
0.469, -2.645e-7
0.468, -2.569e-7
0.467, -2.500e-7
0.466, -2.416e-7
0.465, -2.371e-7
0.464, -2.270e-7
0.463, -2.194e-7
0.462, -2.122e-7
0.461, -2.071e-7
0.460, -1.982e-7
0.459, -1.932e-7
0.458, -1.866e-7
0.457, -1.791e-7
0.456, -1.747e-7
0.455, -1.634e-7
0.454, -1.609e-7
0.453, -1.565e-7
0.452, -1.529e-7
0.451, -1.455e-7
0.450, -1.406e-7
0.449, -1.361e-7
0.448, -1.302e-7
0.447, -1.269e-7
0.446, -1.373e-7
0.445, -1.180e-7
0.444, -1.114e-7
0.443, -1.033e-7
0.442, -9.943e-8
0.441, -9.572e-8
0.440, -8.939e-8
0.439, -8.770e-8
0.438, -7.971e-8
0.437, -7.628e-8
0.436, -7.074e-8
0.435, -6.741e-8
0.434, -6.267e-8
0.433, -5.793e-8
0.432, -5.780e-8
0.431, -5.109e-8
0.430, -4.607e-8
0.429, -4.181e-8
0.428, -3.567e-8
0.427, -3.363e-8
0.426, -2.887e-8
0.425, -2.438e-8
0.424, -2.108e-8
0.423, -1.567e-8
0.422, -1.082e-8
0.421, -7.705e-9
0.420, -2.000e-9
0.419, 2.101e-9
0.418, 8.715e-9
0.417, 1.161e-8
0.416, 1.585e-8
0.415, 1.818e-8
0.414, 2.700e-8
0.413, 2.920e-8
0.412, 3.247e-8
0.411, 3.779e-8
0.410, 4.144e-8
0.409, 4.674e-8
0.408, 5.317e-8
0.407, 5.705e-8
0.406, 6.060e-8
0.405, 6.580e-8
0.404, 7.258e-8
0.403, 7.500e-8
0.402, 8.226e-8
0.401, 8.420e-8
0.400, 9.031e-8
0.399, 9.493e-8
0.398, 1.006e-7
0.397, 1.080e-7
0.396, 1.099e-7
0.395, 1.174e-7
0.394, 1.224e-7
0.393, 1.245e-7
0.392, 1.311e-7
0.391, 1.349e-7
0.390, 1.419e-7
0.389, 1.481e-7
0.388, 1.543e-7
0.387, 1.581e-7
0.386, 1.631e-7
0.385, 1.696e-7
0.384, 1.716e-7
0.383, 1.789e-7
0.382, 1.648e-7
0.381, 1.882e-7
0.380, 1.932e-7
0.379, 1.990e-7
0.378, 2.063e-7
0.377, 2.122e-7
0.376, 2.174e-7
0.375, 2.223e-7
0.374, 2.297e-7
0.373, 2.344e-7
0.372, 2.419e-7
0.371, 2.454e-7
0.370, 2.522e-7
0.369, 2.589e-7
0.368, 2.659e-7
0.367, 2.699e-7
0.366, 2.756e-7
0.365, 2.822e-7
0.364, 2.879e-7
0.363, 2.920e-7
0.362, 2.993e-7
0.361, 3.032e-7
0.360, 3.106e-7
0.359, 3.147e-7
0.358, 3.209e-7
0.357, 3.266e-7
0.356, 3.323e-7
0.355, 3.395e-7
0.354, 3.433e-7
0.353, 3.523e-7
0.352, 3.580e-7
0.351, 3.695e-7
0.350, 3.769e-7
0.349, 3.851e-7
0.348, 3.900e-7
0.347, 3.978e-7
0.346, 4.050e-7
0.345, 4.117e-7
0.344, 4.175e-7
0.343, 4.268e-7
0.342, 4.365e-7
0.341, 4.404e-7
0.340, 4.492e-7
0.339, 4.568e-7
0.338, 4.605e-7
0.337, 4.694e-7
0.336, 4.754e-7
0.335, 4.829e-7
0.334, 4.906e-7
0.333, 4.976e-7
0.332, 5.009e-7
0.331, 5.090e-7
0.330, 5.152e-7
0.329, 5.225e-7
0.328, 5.293e-7
0.327, 5.342e-7
0.326, 5.369e-7
0.325, 5.426e-7
0.324, 5.481e-7
0.323, 5.526e-7
0.322, 5.599e-7
0.321, 5.644e-7
0.320, 5.687e-7
0.319, 5.697e-7
0.318, 5.577e-7
0.317, 5.803e-7
0.316, 5.879e-7
0.315, 5.913e-7
0.314, 5.945e-7
0.313, 6.001e-7
0.312, 6.054e-7
0.311, 6.111e-7
0.310, 6.146e-7
0.309, 6.173e-7
0.308, 6.195e-7
0.307, 6.245e-7
0.306, 6.287e-7
0.305, 6.306e-7
0.304, 6.349e-7
0.303, 6.365e-7
0.302, 6.391e-7
0.301, 6.389e-7
0.300, 6.453e-7
0.299, 6.464e-7
0.298, 6.472e-7
0.297, 6.538e-7
0.296, 6.535e-7
0.295, 6.568e-7
0.294, 6.578e-7
0.293, 6.608e-7
0.292, 6.615e-7
0.291, 6.632e-7
0.290, 6.623e-7
0.289, 6.659e-7
0.288, 6.671e-7
0.287, 6.689e-7
0.286, 6.708e-7
0.285, 6.716e-7
0.284, 6.705e-7
0.283, 6.725e-7
0.282, 6.777e-7
0.281, 6.736e-7
0.280, 6.773e-7
0.279, 6.754e-7
0.278, 6.759e-7
0.277, 6.748e-7
0.276, 6.760e-7
0.275, 6.767e-7
0.274, 6.765e-7
0.273, 6.779e-7
0.272, 6.761e-7
0.271, 6.766e-7
0.270, 6.775e-7
0.269, 6.748e-7
0.268, 6.775e-7
0.267, 6.754e-7
0.266, 6.758e-7
0.265, 6.741e-7
0.264, 6.742e-7
0.263, 6.723e-7
0.262, 6.721e-7
0.261, 6.735e-7
0.260, 6.722e-7
0.259, 6.720e-7
0.258, 6.694e-7
0.257, 6.682e-7
0.256, 6.675e-7
0.255, 6.678e-7
0.254, 6.464e-7
0.253, 6.608e-7
0.252, 6.623e-7
0.251, 6.646e-7
0.250, 6.632e-7
0.249, 6.624e-7
0.248, 6.606e-7
0.247, 6.603e-7
0.246, 6.621e-7
0.245, 6.582e-7
0.244, 6.587e-7
0.243, 6.572e-7
0.242, 6.570e-7
0.241, 6.543e-7
0.240, 6.547e-7
0.239, 6.517e-7
0.238, 6.538e-7
0.237, 6.514e-7
0.236, 6.505e-7
0.235, 6.495e-7
0.234, 6.491e-7
0.233, 6.455e-7
0.232, 6.476e-7
0.231, 6.450e-7
0.230, 6.440e-7
0.229, 6.428e-7
0.228, 6.415e-7
0.227, 6.395e-7
0.226, 6.404e-7
0.225, 6.400e-7
0.224, 6.381e-7
0.223, 6.358e-7
0.222, 6.347e-7
0.221, 6.333e-7
0.220, 6.327e-7
0.219, 6.310e-7
0.218, 6.303e-7
0.217, 6.306e-7
0.216, 6.294e-7
0.215, 6.268e-7
0.214, 6.257e-7
0.213, 6.250e-7
0.212, 6.242e-7
0.211, 6.215e-7
0.210, 6.213e-7
0.209, 6.191e-7
0.208, 6.178e-7
0.207, 6.159e-7
0.206, 6.163e-7
0.205, 6.145e-7
0.204, 6.108e-7
0.203, 6.120e-7
0.202, 6.107e-7
0.201, 6.081e-7
0.200, 6.080e-7
0.199, 6.065e-7
0.198, 6.036e-7
0.197, 6.022e-7
0.196, 6.016e-7
0.195, 5.996e-7
0.194, 5.979e-7
0.193, 5.965e-7
0.192, 5.944e-7
0.191, 5.945e-7
0.190, 5.805e-7
0.189, 5.887e-7
0.188, 5.889e-7
0.187, 5.898e-7
0.186, 5.871e-7
0.185, 5.853e-7
0.184, 5.855e-7
0.183, 5.843e-7
0.182, 5.827e-7
0.181, 5.811e-7
0.180, 5.783e-7
0.179, 5.778e-7
0.178, 5.769e-7
0.177, 5.738e-7
0.176, 5.743e-7
0.175, 5.729e-7
0.174, 5.727e-7
0.173, 5.689e-7
0.172, 5.679e-7
0.171, 5.668e-7
0.170, 5.653e-7
0.169, 5.645e-7
0.168, 5.634e-7
0.167, 5.610e-7
0.166, 5.607e-7
0.165, 5.588e-7
0.164, 5.579e-7
0.163, 5.533e-7
0.162, 5.538e-7
0.161, 5.529e-7
0.160, 5.513e-7
0.159, 5.501e-7
0.158, 5.490e-7
0.157, 5.483e-7
0.156, 5.458e-7
0.155, 5.448e-7
0.154, 5.463e-7
0.153, 5.440e-7
0.152, 5.407e-7
0.151, 5.417e-7
0.150, 5.392e-7
0.149, 5.368e-7
0.148, 5.355e-7
0.147, 5.348e-7
0.146, 5.331e-7
0.145, 5.323e-7
0.144, 5.306e-7
0.143, 5.294e-7
0.142, 5.280e-7
0.141, 5.272e-7
0.140, 5.251e-7
0.139, 5.234e-7
0.138, 5.226e-7
0.137, 5.210e-7
0.136, 5.201e-7
0.135, 5.181e-7
0.134, 5.162e-7
0.133, 5.158e-7
0.132, 5.144e-7
0.131, 5.119e-7
0.130, 5.113e-7
0.129, 5.096e-7
0.128, 5.079e-7
0.127, 5.059e-7
0.126, 4.919e-7
0.125, 5.024e-7
0.124, 5.015e-7
0.123, 5.009e-7
0.122, 5.001e-7
0.121, 4.994e-7
0.120, 4.990e-7
0.119, 4.954e-7
0.118, 4.952e-7
0.117, 4.955e-7
0.116, 4.934e-7
0.115, 4.917e-7
0.114, 4.905e-7
0.113, 4.899e-7
0.112, 4.869e-7
0.111, 4.869e-7
0.110, 4.856e-7
0.109, 4.847e-7
0.108, 4.831e-7
0.107, 4.820e-7
0.106, 4.814e-7
0.105, 4.787e-7
0.104, 4.787e-7
0.103, 4.782e-7
0.102, 4.764e-7
0.101, 4.755e-7
0.100, 4.745e-7
0.099, 4.729e-7
0.098, 4.715e-7
0.097, 4.689e-7
0.096, 4.694e-7
0.095, 4.685e-7
0.094, 4.673e-7
0.093, 4.664e-7
0.092, 4.650e-7
0.091, 4.640e-7
0.090, 4.625e-7
0.089, 4.618e-7
0.088, 4.605e-7
0.087, 4.579e-7
0.086, 4.587e-7
0.085, 4.584e-7
0.084, 4.563e-7
0.083, 4.551e-7
0.082, 4.545e-7
0.081, 4.529e-7
0.080, 4.510e-7
0.079, 4.510e-7
0.078, 4.507e-7
0.077, 4.476e-7
0.076, 4.473e-7
0.075, 4.445e-7
0.074, 4.451e-7
0.073, 4.425e-7
0.072, 4.421e-7
0.071, 4.416e-7
0.070, 4.404e-7
0.069, 4.391e-7
0.068, 4.382e-7
0.067, 4.350e-7
0.066, 4.363e-7
0.065, 4.337e-7
0.064, 4.331e-7
0.063, 4.313e-7
0.062, 4.216e-7
0.061, 4.291e-7
0.060, 4.283e-7
0.059, 4.269e-7
0.058, 4.263e-7
0.057, 4.261e-7
0.056, 4.259e-7
0.055, 4.240e-7
0.054, 4.218e-7
0.053, 4.224e-7
0.052, 4.206e-7
0.051, 4.199e-7
0.050, 4.182e-7
0.049, 4.168e-7
0.048, 4.171e-7
0.047, 4.166e-7
0.046, 4.153e-7
0.045, 4.129e-7
0.044, 4.124e-7
0.043, 4.117e-7
0.042, 4.109e-7
0.041, 4.105e-7
0.040, 4.099e-7
0.039, 4.080e-7
0.038, 4.082e-7
0.037, 4.071e-7
0.036, 4.055e-7
0.035, 4.053e-7
0.034, 4.040e-7
0.033, 4.039e-7
0.032, 4.018e-7
0.031, 4.018e-7
0.030, 4.004e-7
0.029, 3.990e-7
0.028, 3.989e-7
0.027, 3.979e-7
0.026, 3.973e-7
0.025, 3.965e-7
0.024, 3.951e-7
0.023, 3.954e-7
0.022, 3.929e-7
0.021, 3.940e-7
0.020, 3.929e-7
0.019, 3.915e-7
0.018, 3.905e-7
0.017, 3.896e-7
0.016, 3.894e-7
0.015, 3.884e-7
0.014, 3.882e-7
0.013, 3.864e-7
0.012, 3.872e-7
0.011, 3.854e-7
0.010, 3.844e-7
0.009, 3.849e-7
0.008, 3.823e-7
0.007, 3.833e-7
0.006, 3.819e-7
0.005, 3.814e-7
0.004, 3.800e-7
0.003, 3.792e-7
0.002, 3.797e-7
0.001, 3.780e-7
0.000, 3.780e-7
-0.001, 3.755e-7
-0.002, 3.667e-7
-0.003, 3.749e-7
-0.004, 3.748e-7
-0.005, 3.750e-7
-0.006, 3.743e-7
-0.007, 3.741e-7
-0.008, 3.738e-7
-0.009, 3.732e-7
-0.010, 3.722e-7
-0.011, 3.723e-7
-0.012, 3.728e-7
-0.013, 3.713e-7
-0.014, 3.711e-7
-0.015, 3.709e-7
-0.016, 3.705e-7
-0.017, 3.707e-7
-0.018, 3.696e-7
-0.019, 3.690e-7
-0.020, 3.688e-7
-0.021, 3.684e-7
-0.022, 3.689e-7
-0.023, 3.686e-7
-0.024, 3.688e-7
-0.025, 3.678e-7
-0.026, 3.668e-7
-0.027, 3.668e-7
-0.028, 3.674e-7
-0.029, 3.661e-7
-0.030, 3.666e-7
-0.031, 3.662e-7
-0.032, 3.663e-7
-0.033, 3.654e-7
-0.034, 3.655e-7
-0.035, 3.659e-7
-0.036, 3.655e-7
-0.037, 3.645e-7
-0.038, 3.655e-7
-0.039, 3.664e-7
-0.040, 3.647e-7
-0.041, 3.653e-7
-0.042, 3.666e-7
-0.043, 3.659e-7
-0.044, 3.654e-7
-0.045, 3.656e-7
-0.046, 3.666e-7
-0.047, 3.655e-7
-0.048, 3.659e-7
-0.049, 3.664e-7
-0.050, 3.664e-7
-0.051, 3.658e-7
-0.052, 3.677e-7
-0.053, 3.664e-7
-0.054, 3.659e-7
-0.055, 3.650e-7
-0.056, 3.679e-7
-0.057, 3.673e-7
-0.058, 3.681e-7
-0.059, 3.680e-7
-0.060, 3.680e-7
-0.061, 3.685e-7
-0.062, 3.682e-7
-0.063, 3.703e-7
-0.064, 3.695e-7
-0.065, 3.689e-7
-0.066, 3.615e-7
-0.067, 3.699e-7
-0.068, 3.712e-7
-0.069, 3.708e-7
-0.070, 3.733e-7
-0.071, 3.740e-7
-0.072, 3.741e-7
-0.073, 3.749e-7
-0.074, 3.755e-7
-0.075, 3.761e-7
-0.076, 3.763e-7
-0.077, 3.780e-7
-0.078, 3.795e-7
-0.079, 3.795e-7
-0.080, 3.798e-7
-0.081, 3.801e-7
-0.082, 3.829e-7
-0.083, 3.825e-7
-0.084, 3.842e-7
-0.085, 3.843e-7
-0.086, 3.863e-7
-0.087, 3.874e-7
-0.088, 3.887e-7
-0.089, 3.895e-7
-0.090, 3.909e-7
-0.091, 3.926e-7
-0.092, 3.935e-7
-0.093, 3.948e-7
-0.094, 3.956e-7
-0.095, 3.982e-7
-0.096, 3.986e-7
-0.097, 4.002e-7
-0.098, 4.019e-7
-0.099, 4.022e-7
-0.100, 4.035e-7
