-0.049, 6.683e-9
-0.048, -8.062e-8
-0.047, -9.448e-8
-0.046, -9.622e-8
-0.045, -9.675e-8
-0.044, -9.916e-8
-0.043, -9.859e-8
-0.042, -9.994e-8
-0.041, -1.009e-7
-0.040, -1.016e-7
-0.039, -1.011e-7
-0.038, -1.005e-7
-0.037, -1.033e-7
-0.036, -1.020e-7
-0.035, -1.013e-7
-0.034, -1.028e-7
-0.033, -1.038e-7
-0.032, -1.035e-7
-0.031, -1.037e-7
-0.030, -1.031e-7
-0.029, -1.045e-7
-0.028, -1.043e-7
-0.027, -1.046e-7
-0.026, -1.046e-7
-0.025, -1.045e-7
-0.024, -1.052e-7
-0.023, -1.050e-7
-0.022, -1.056e-7
-0.021, -1.068e-7
-0.020, -1.050e-7
-0.019, -1.052e-7
-0.018, -1.075e-7
-0.017, -1.065e-7
-0.016, -1.089e-7
-0.015, -1.069e-7
-0.014, -1.061e-7
-0.013, -1.075e-7
-0.012, -1.052e-7
-0.011, -1.079e-7
-0.010, -1.075e-7
-0.009, -1.051e-7
-0.008, -1.082e-7
-0.007, -1.086e-7
-0.006, -1.076e-7
-0.005, -1.055e-7
-0.004, -1.090e-7
-0.003, -1.095e-7
-0.002, -1.084e-7
-0.001, -1.076e-7
-0.000, -1.097e-7
0.001, -9.640e-8
0.002, -1.031e-7
0.003, -1.060e-7
0.004, -1.059e-7
0.005, -1.067e-7
0.006, -1.080e-7
0.007, -1.073e-7
0.008, -1.071e-7
0.009, -1.090e-7
0.010, -1.071e-7
0.011, -1.069e-7
0.012, -1.080e-7
0.013, -1.073e-7
0.014, -1.069e-7
0.015, -1.084e-7
0.016, -1.085e-7
0.017, -1.069e-7
0.018, -1.112e-7
0.019, -1.094e-7
0.020, -1.091e-7
0.021, -1.080e-7
0.022, -1.081e-7
0.023, -1.113e-7
0.024, -1.109e-7
0.025, -1.105e-7
0.026, -1.090e-7
0.027, -1.099e-7
0.028, -1.098e-7
0.029, -1.102e-7
0.030, -1.101e-7
0.031, -1.093e-7
0.032, -1.107e-7
0.033, -1.098e-7
0.034, -1.125e-7
0.035, -1.099e-7
0.036, -1.091e-7
0.037, -1.109e-7
0.038, -1.097e-7
0.039, -1.115e-7
0.040, -1.091e-7
0.041, -1.092e-7
0.042, -1.123e-7
0.043, -1.121e-7
0.044, -1.101e-7
0.045, -1.121e-7
0.046, -1.108e-7
0.047, -1.120e-7
0.048, -1.093e-7
0.049, -1.124e-7
0.050, -1.109e-7
0.051, -1.124e-7
0.052, -1.130e-7
0.053, -1.113e-7
0.054, -1.132e-7
0.055, -1.130e-7
0.056, -1.122e-7
0.057, -1.127e-7
0.058, -1.128e-7
0.059, -1.127e-7
0.060, -1.126e-7
0.061, -1.129e-7
0.062, -1.146e-7
0.063, -1.134e-7
0.064, -1.143e-7
0.065, -1.062e-7
0.066, -1.107e-7
0.067, -1.134e-7
0.068, -1.132e-7
0.069, -1.128e-7
0.070, -1.157e-7
0.071, -1.142e-7
0.072, -1.135e-7
0.073, -1.128e-7
0.074, -1.138e-7
0.075, -1.141e-7
0.076, -1.158e-7
0.077, -1.154e-7
0.078, -1.149e-7
0.079, -1.135e-7
0.080, -1.142e-7
0.081, -1.155e-7
0.082, -1.142e-7
0.083, -1.167e-7
0.084, -1.171e-7
0.085, -1.151e-7
0.086, -1.174e-7
0.087, -1.169e-7
0.088, -1.174e-7
0.089, -1.173e-7
0.090, -1.162e-7
0.091, -1.175e-7
0.092, -1.182e-7
0.093, -1.174e-7
0.094, -1.181e-7
0.095, -1.186e-7
0.096, -1.164e-7
0.097, -1.179e-7
0.098, -1.185e-7
0.099, -1.201e-7
0.100, -1.205e-7
0.101, -1.187e-7
0.102, -1.199e-7
0.103, -1.197e-7
0.104, -1.217e-7
0.105, -1.199e-7
0.106, -1.210e-7
0.107, -1.214e-7
0.108, -1.210e-7
0.109, -1.214e-7
0.110, -1.219e-7
0.111, -1.212e-7
0.112, -1.232e-7
0.113, -1.227e-7
0.114, -1.240e-7
0.115, -1.241e-7
0.116, -1.249e-7
0.117, -1.251e-7
0.118, -1.236e-7
0.119, -1.272e-7
0.120, -1.261e-7
0.121, -1.268e-7
0.122, -1.297e-7
0.123, -1.283e-7
0.124, -1.296e-7
0.125, -1.309e-7
0.126, -1.300e-7
0.127, -1.324e-7
0.128, -1.323e-7
0.129, -1.208e-7
0.130, -1.280e-7
0.131, -1.322e-7
0.132, -1.310e-7
0.133, -1.343e-7
0.134, -1.347e-7
0.135, -1.354e-7
0.136, -1.367e-7
0.137, -1.388e-7
0.138, -1.383e-7
0.139, -1.396e-7
0.140, -1.423e-7
0.141, -1.414e-7
0.142, -1.437e-7
0.143, -1.447e-7
0.144, -1.456e-7
0.145, -1.490e-7
0.146, -1.486e-7
0.147, -1.527e-7
0.148, -1.529e-7
0.149, -1.538e-7
0.150, -1.557e-7
0.151, -1.573e-7
0.152, -1.593e-7
0.153, -1.604e-7
0.154, -1.626e-7
0.155, -1.639e-7
0.156, -1.649e-7
0.157, -1.659e-7
0.158, -1.695e-7
0.159, -1.720e-7
0.160, -1.729e-7
0.161, -1.778e-7
0.162, -1.772e-7
0.163, -1.764e-7
0.164, -1.822e-7
0.165, -1.858e-7
0.166, -1.858e-7
0.167, -1.882e-7
0.168, -1.891e-7
0.169, -1.921e-7
0.170, -1.961e-7
0.171, -1.981e-7
0.172, -2.002e-7
0.173, -1.998e-7
0.174, -2.020e-7
0.175, -2.061e-7
0.176, -2.065e-7
0.177, -2.086e-7
0.178, -2.123e-7
0.179, -2.160e-7
0.180, -2.159e-7
0.181, -2.177e-7
0.182, -2.205e-7
0.183, -2.206e-7
0.184, -2.235e-7
0.185, -2.261e-7
0.186, -2.281e-7
0.187, -2.296e-7
0.188, -2.304e-7
0.189, -2.339e-7
0.190, -2.338e-7
0.191, -2.334e-7
0.192, -2.378e-7
0.193, -2.281e-7
0.194, -2.364e-7
0.195, -2.399e-7
0.196, -2.396e-7
0.197, -2.409e-7
0.198, -2.391e-7
0.199, -2.431e-7
0.200, -2.437e-7
0.201, -2.428e-7
0.202, -2.456e-7
0.203, -2.476e-7
0.204, -2.470e-7
0.205, -2.469e-7
0.206, -2.476e-7
0.207, -2.485e-7
0.208, -2.471e-7
0.209, -2.481e-7
0.210, -2.504e-7
0.211, -2.480e-7
0.212, -2.487e-7
0.213, -2.481e-7
0.214, -2.492e-7
0.215, -2.491e-7
0.216, -2.503e-7
0.217, -2.497e-7
0.218, -2.494e-7
0.219, -2.476e-7
0.220, -2.503e-7
0.221, -2.468e-7
0.222, -2.497e-7
0.223, -2.503e-7
0.224, -2.482e-7
0.225, -2.485e-7
0.226, -2.482e-7
0.227, -2.476e-7
0.228, -2.466e-7
0.229, -2.456e-7
0.230, -2.493e-7
0.231, -2.446e-7
0.232, -2.498e-7
0.233, -2.464e-7
0.234, -2.461e-7
0.235, -2.464e-7
0.236, -2.459e-7
0.237, -2.467e-7
0.238, -2.450e-7
0.239, -2.454e-7
0.240, -2.448e-7
0.241, -2.455e-7
0.242, -2.435e-7
0.243, -2.444e-7
0.244, -2.425e-7
0.245, -2.418e-7
0.246, -2.428e-7
0.247, -2.420e-7
0.248, -2.415e-7
0.249, -2.428e-7
0.250, -2.424e-7
0.251, -2.411e-7
0.252, -2.419e-7
0.253, -2.446e-7
0.254, -2.420e-7
0.255, -2.437e-7
0.256, -2.417e-7
0.257, -2.272e-7
0.258, -2.381e-7
0.259, -2.375e-7
0.260, -2.362e-7
0.261, -2.364e-7
0.262, -2.371e-7
0.263, -2.382e-7
0.264, -2.376e-7
0.265, -2.397e-7
0.266, -2.373e-7
0.267, -2.361e-7
0.268, -2.372e-7
0.269, -2.370e-7
0.270, -2.359e-7
0.271, -2.371e-7
0.272, -2.360e-7
0.273, -2.369e-7
0.274, -2.354e-7
0.275, -2.360e-7
0.276, -2.353e-7
0.277, -2.364e-7
0.278, -2.354e-7
0.279, -2.360e-7
0.280, -2.357e-7
0.281, -2.332e-7
0.282, -2.346e-7
0.283, -2.316e-7
0.284, -2.321e-7
0.285, -2.333e-7
0.286, -2.319e-7
0.287, -2.341e-7
0.288, -2.328e-7
0.289, -2.322e-7
0.290, -2.345e-7
0.291, -2.316e-7
0.292, -2.335e-7
0.293, -2.334e-7
0.294, -2.329e-7
0.295, -2.337e-7
0.296, -2.328e-7
0.297, -2.330e-7
0.298, -2.328e-7
0.299, -2.318e-7
0.300, -2.328e-7
0.301, -2.328e-7
0.302, -2.341e-7
0.303, -2.330e-7
0.304, -2.346e-7
0.305, -2.343e-7
0.306, -2.333e-7
0.307, -2.347e-7
0.308, -2.354e-7
0.309, -2.349e-7
0.310, -2.349e-7
0.311, -2.359e-7
0.312, -2.357e-7
0.313, -2.353e-7
0.314, -2.355e-7
0.315, -2.356e-7
0.316, -2.364e-7
0.317, -2.378e-7
0.318, -2.364e-7
0.319, -2.375e-7
0.320, -2.379e-7
0.321, -2.292e-7
0.322, -2.343e-7
0.323, -2.360e-7
0.324, -2.363e-7
0.325, -2.357e-7
0.326, -2.368e-7
0.327, -2.372e-7
0.328, -2.377e-7
0.329, -2.388e-7
0.330, -2.390e-7
0.331, -2.389e-7
0.332, -2.403e-7
0.333, -2.390e-7
0.334, -2.393e-7
0.335, -2.404e-7
0.336, -2.395e-7
0.337, -2.398e-7
0.338, -2.420e-7
0.339, -2.400e-7
0.340, -2.435e-7
0.341, -2.400e-7
0.342, -2.433e-7
0.343, -2.440e-7
0.344, -2.455e-7
0.345, -2.442e-7
0.346, -2.421e-7
0.347, -2.431e-7
0.348, -2.447e-7
0.349, -2.440e-7
0.350, -2.458e-7
0.351, -2.451e-7
0.352, -2.463e-7
0.353, -2.465e-7
0.354, -2.468e-7
0.355, -2.463e-7
0.356, -2.455e-7
0.357, -2.492e-7
0.358, -2.472e-7
0.359, -2.483e-7
0.360, -2.483e-7
0.361, -2.486e-7
0.362, -2.502e-7
0.363, -2.491e-7
0.364, -2.517e-7
0.365, -2.501e-7
0.366, -2.508e-7
0.367, -2.519e-7
0.368, -2.523e-7
0.369, -2.526e-7
0.370, -2.530e-7
0.371, -2.508e-7
0.372, -2.533e-7
0.373, -2.526e-7
0.374, -2.521e-7
0.375, -2.559e-7
0.376, -2.542e-7
0.377, -2.557e-7
0.378, -2.558e-7
0.379, -2.567e-7
0.380, -2.577e-7
0.381, -2.582e-7
0.382, -2.567e-7
0.383, -2.583e-7
0.384, -2.583e-7
0.385, -2.455e-7
0.386, -2.550e-7
0.387, -2.583e-7
0.388, -2.578e-7
0.389, -2.607e-7
0.390, -2.588e-7
0.391, -2.605e-7
0.392, -2.610e-7
0.393, -2.634e-7
0.394, -2.628e-7
0.395, -2.633e-7
0.396, -2.631e-7
0.397, -2.632e-7
0.398, -2.660e-7
0.399, -2.653e-7
0.400, -2.652e-7
0.401, -2.665e-7
0.402, -2.672e-7
0.403, -2.690e-7
0.404, -2.675e-7
0.405, -2.697e-7
0.406, -2.683e-7
0.407, -2.708e-7
0.408, -2.694e-7
0.409, -2.728e-7
0.410, -2.726e-7
0.411, -2.732e-7
0.412, -2.743e-7
0.413, -2.717e-7
0.414, -2.729e-7
0.415, -2.747e-7
0.416, -2.760e-7
0.417, -2.771e-7
0.418, -2.756e-7
0.419, -2.783e-7
0.420, -2.761e-7
0.421, -2.774e-7
0.422, -2.802e-7
0.423, -2.807e-7
0.424, -2.786e-7
0.425, -2.831e-7
0.426, -2.819e-7
0.427, -2.841e-7
0.428, -2.802e-7
0.429, -2.843e-7
0.430, -2.822e-7
0.431, -2.840e-7
0.432, -2.861e-7
0.433, -2.858e-7
0.434, -2.857e-7
0.435, -2.850e-7
0.436, -2.871e-7
0.437, -2.887e-7
0.438, -2.899e-7
0.439, -2.904e-7
0.440, -2.889e-7
0.441, -2.924e-7
0.442, -2.942e-7
0.443, -2.927e-7
0.444, -2.931e-7
0.445, -2.955e-7
0.446, -2.953e-7
0.447, -2.952e-7
0.448, -2.981e-7
0.449, -2.856e-7
0.450, -2.939e-7
0.449, -2.948e-7
0.448, -9.173e-8
0.447, -5.293e-8
0.446, -4.812e-8
0.445, -3.086e-8
0.444, -2.409e-8
0.443, -1.623e-8
0.442, -1.459e-8
0.441, -1.074e-8
0.440, -2.978e-9
0.439, -1.549e-9
0.438, 4.824e-9
0.437, 6.408e-9
0.436, 1.010e-8
0.435, 1.499e-8
0.434, 1.603e-8
0.433, 1.710e-8
0.432, 2.054e-8
0.431, 2.160e-8
0.430, 2.573e-8
0.429, 2.719e-8
0.428, 2.964e-8
0.427, 3.163e-8
0.426, 3.302e-8
0.425, 3.558e-8
0.424, 3.802e-8
0.423, 3.918e-8
0.422, 4.006e-8
0.421, 4.246e-8
0.420, 4.366e-8
0.419, 4.407e-8
0.418, 4.594e-8
0.417, 4.831e-8
0.416, 4.987e-8
0.415, 4.923e-8
0.414, 5.449e-8
0.413, 5.083e-8
0.412, 5.554e-8
0.411, 5.529e-8
0.410, 5.523e-8
0.409, 5.791e-8
0.408, 5.861e-8
0.407, 6.031e-8
0.406, 5.889e-8
0.405, 6.176e-8
0.404, 6.249e-8
0.403, 6.162e-8
0.402, 6.337e-8
0.401, 6.644e-8
0.400, 6.557e-8
0.399, 6.733e-8
0.398, 6.604e-8
0.397, 6.687e-8
0.396, 6.794e-8
0.395, 6.753e-8
0.394, 6.903e-8
0.393, 7.066e-8
0.392, 7.079e-8
0.391, 7.109e-8
0.390, 7.164e-8
0.389, 7.439e-8
0.388, 6.941e-8
0.387, 7.070e-8
0.386, 7.402e-8
0.385, 7.475e-8
0.384, 7.560e-8
0.383, 7.250e-8
0.382, 6.264e-8
0.381, 7.289e-8
0.380, 7.690e-8
0.379, 7.860e-8
0.378, 7.733e-8
0.377, 7.905e-8
0.376, 8.085e-8
0.375, 7.791e-8
0.374, 8.151e-8
0.373, 7.975e-8
0.372, 8.065e-8
0.371, 8.202e-8
0.370, 8.008e-8
0.369, 8.049e-8
0.368, 8.177e-8
0.367, 8.135e-8
0.366, 8.308e-8
0.365, 8.333e-8
0.364, 8.481e-8
0.363, 8.499e-8
0.362, 8.485e-8
0.361, 8.556e-8
0.360, 8.458e-8
0.359, 8.615e-8
0.358, 8.472e-8
0.357, 8.589e-8
0.356, 8.478e-8
0.355, 8.575e-8
0.354, 8.714e-8
0.353, 8.769e-8
0.352, 8.747e-8
0.351, 8.947e-8
0.350, 8.663e-8
0.349, 8.765e-8
0.348, 8.829e-8
0.347, 8.865e-8
0.346, 9.127e-8
0.345, 8.710e-8
0.344, 9.027e-8
0.343, 9.007e-8
0.342, 9.166e-8
0.341, 9.103e-8
0.340, 9.103e-8
0.339, 9.258e-8
0.338, 9.297e-8
0.337, 8.978e-8
0.336, 9.258e-8
0.335, 9.369e-8
0.334, 9.070e-8
0.333, 9.263e-8
0.332, 9.224e-8
0.331, 9.269e-8
0.330, 9.172e-8
0.329, 9.215e-8
0.328, 9.195e-8
0.327, 9.287e-8
0.326, 9.451e-8
0.325, 9.158e-8
0.324, 9.316e-8
0.323, 9.346e-8
0.322, 9.215e-8
0.321, 9.400e-8
0.320, 9.246e-8
0.319, 9.262e-8
0.318, 8.194e-8
0.317, 9.311e-8
0.316, 9.692e-8
0.315, 9.721e-8
0.314, 9.815e-8
0.313, 9.668e-8
0.312, 9.686e-8
0.311, 9.543e-8
0.310, 9.762e-8
0.309, 9.643e-8
0.308, 9.578e-8
0.307, 9.743e-8
0.306, 9.789e-8
0.305, 9.942e-8
0.304, 9.551e-8
0.303, 9.749e-8
0.302, 9.719e-8
0.301, 9.784e-8
0.300, 9.756e-8
0.299, 9.893e-8
0.298, 9.930e-8
0.297, 9.805e-8
0.296, 9.870e-8
0.295, 1.013e-7
0.294, 1.004e-7
0.293, 9.832e-8
0.292, 9.997e-8
0.291, 9.922e-8
0.290, 9.913e-8
0.289, 9.903e-8
0.288, 9.858e-8
0.287, 1.000e-7
0.286, 9.936e-8
0.285, 1.007e-7
0.284, 1.011e-7
0.283, 9.968e-8
0.282, 1.029e-7
0.281, 9.936e-8
0.280, 1.022e-7
0.279, 9.995e-8
0.278, 1.020e-7
0.277, 1.021e-7
0.276, 1.032e-7
0.275, 1.017e-7
0.274, 1.006e-7
0.273, 1.016e-7
0.272, 1.033e-7
0.271, 1.030e-7
0.270, 1.022e-7
0.269, 1.002e-7
0.268, 1.014e-7
0.267, 1.030e-7
0.266, 1.029e-7
0.265, 1.022e-7
0.264, 1.036e-7
0.263, 1.014e-7
0.262, 1.018e-7
0.261, 1.025e-7
0.260, 1.034e-7
0.259, 1.028e-7
0.258, 1.016e-7
0.257, 1.037e-7
0.256, 1.019e-7
0.255, 1.011e-7
0.254, 9.246e-8
0.253, 1.029e-7
0.252, 1.041e-7
0.251, 1.082e-7
0.250, 1.042e-7
0.249, 1.070e-7
0.248, 1.044e-7
0.247, 1.059e-7
0.246, 1.103e-7
0.245, 1.042e-7
0.244, 1.046e-7
0.243, 1.054e-7
0.242, 1.065e-7
0.241, 1.067e-7
0.240, 1.063e-7
0.239, 1.068e-7
0.238, 1.075e-7
0.237, 1.062e-7
0.236, 1.080e-7
0.235, 1.063e-7
0.234, 1.080e-7
0.233, 1.058e-7
0.232, 1.075e-7
0.231, 1.094e-7
0.230, 1.089e-7
0.229, 1.085e-7
0.228, 1.079e-7
0.227, 1.084e-7
0.226, 1.077e-7
0.225, 1.091e-7
0.224, 1.095e-7
0.223, 1.087e-7
0.222, 1.083e-7
0.221, 1.102e-7
0.220, 1.101e-7
0.219, 1.098e-7
0.218, 1.100e-7
0.217, 1.107e-7
0.216, 1.113e-7
0.215, 1.112e-7
0.214, 1.098e-7
0.213, 1.119e-7
0.212, 1.124e-7
0.211, 1.126e-7
0.210, 1.113e-7
0.209, 1.118e-7
0.208, 1.140e-7
0.207, 1.134e-7
0.206, 1.130e-7
0.205, 1.110e-7
0.204, 1.119e-7
0.203, 1.145e-7
0.202, 1.135e-7
0.201, 1.163e-7
0.200, 1.140e-7
0.199, 1.134e-7
0.198, 1.146e-7
0.197, 1.156e-7
0.196, 1.145e-7
0.195, 1.141e-7
0.194, 1.149e-7
0.193, 1.151e-7
0.192, 1.130e-7
0.191, 1.160e-7
0.190, 1.062e-7
0.189, 1.176e-7
0.188, 1.172e-7
0.187, 1.195e-7
0.186, 1.178e-7
0.185, 1.186e-7
0.184, 1.182e-7
0.183, 1.187e-7
0.182, 1.187e-7
0.181, 1.204e-7
0.180, 1.189e-7
0.179, 1.199e-7
0.178, 1.217e-7
0.177, 1.206e-7
0.176, 1.202e-7
0.175, 1.221e-7
0.174, 1.202e-7
0.173, 1.200e-7
0.172, 1.221e-7
0.171, 1.235e-7
0.170, 1.214e-7
0.169, 1.235e-7
0.168, 1.248e-7
0.167, 1.249e-7
0.166, 1.249e-7
0.165, 1.250e-7
0.164, 1.230e-7
0.163, 1.255e-7
0.162, 1.249e-7
0.161, 1.274e-7
0.160, 1.252e-7
0.159, 1.264e-7
0.158, 1.283e-7
0.157, 1.287e-7
0.156, 1.280e-7
0.155, 1.268e-7
0.154, 1.284e-7
0.153, 1.266e-7
0.152, 1.296e-7
0.151, 1.280e-7
0.150, 1.283e-7
0.149, 1.288e-7
0.148, 1.330e-7
0.147, 1.287e-7
0.146, 1.289e-7
0.145, 1.290e-7
0.144, 1.318e-7
0.143, 1.320e-7
0.142, 1.318e-7
0.141, 1.305e-7
0.140, 1.313e-7
0.139, 1.309e-7
0.138, 1.319e-7
0.137, 1.313e-7
0.136, 1.331e-7
0.135, 1.313e-7
0.134, 1.305e-7
0.133, 1.306e-7
0.132, 1.319e-7
0.131, 1.320e-7
0.130, 1.316e-7
0.129, 1.305e-7
0.128, 1.312e-7
0.127, 1.321e-7
0.126, 1.218e-7
0.125, 1.329e-7
0.124, 1.333e-7
0.123, 1.346e-7
0.122, 1.338e-7
0.121, 1.352e-7
0.120, 1.350e-7
0.119, 1.341e-7
0.118, 1.340e-7
0.117, 1.366e-7
0.116, 1.347e-7
0.115, 1.335e-7
0.114, 1.351e-7
0.113, 1.344e-7
0.112, 1.360e-7
0.111, 1.343e-7
0.110, 1.359e-7
0.109, 1.343e-7
0.108, 1.348e-7
0.107, 1.364e-7
0.106, 1.333e-7
0.105, 1.343e-7
0.104, 1.360e-7
0.103, 1.355e-7
0.102, 1.349e-7
0.101, 1.347e-7
0.100, 1.345e-7
0.099, 1.337e-7
0.098, 1.357e-7
0.097, 1.350e-7
0.096, 1.340e-7
0.095, 1.358e-7
0.094, 1.354e-7
0.093, 1.340e-7
0.092, 1.351e-7
0.091, 1.361e-7
0.090, 1.340e-7
0.089, 1.356e-7
0.088, 1.367e-7
0.087, 1.337e-7
0.086, 1.352e-7
0.085, 1.348e-7
0.084, 1.361e-7
0.083, 1.344e-7
0.082, 1.345e-7
0.081, 1.364e-7
0.080, 1.342e-7
0.079, 1.356e-7
0.078, 1.356e-7
0.077, 1.346e-7
0.076, 1.341e-7
0.075, 1.375e-7
0.074, 1.346e-7
0.073, 1.350e-7
0.072, 1.335e-7
0.071, 1.366e-7
0.070, 1.335e-7
0.069, 1.355e-7
0.068, 1.348e-7
0.067, 1.352e-7
0.066, 1.336e-7
0.065, 1.336e-7
0.064, 1.348e-7
0.063, 1.349e-7
0.062, 1.255e-7
0.061, 1.355e-7
0.060, 1.381e-7
0.059, 1.366e-7
0.058, 1.355e-7
0.057, 1.363e-7
0.056, 1.364e-7
0.055, 1.364e-7
0.054, 1.372e-7
0.053, 1.363e-7
0.052, 1.355e-7
0.051, 1.358e-7
0.050, 1.367e-7
0.049, 1.366e-7
0.048, 1.361e-7
0.047, 1.353e-7
0.046, 1.369e-7
0.045, 1.354e-7
0.044, 1.368e-7
0.043, 1.346e-7
0.042, 1.366e-7
0.041, 1.349e-7
0.040, 1.351e-7
0.039, 1.384e-7
0.038, 1.362e-7
0.037, 1.355e-7
0.036, 1.372e-7
0.035, 1.367e-7
0.034, 1.379e-7
0.033, 1.361e-7
0.032, 1.375e-7
0.031, 1.384e-7
0.030, 1.376e-7
0.029, 1.372e-7
0.028, 1.385e-7
0.027, 1.357e-7
0.026, 1.382e-7
0.025, 1.377e-7
0.024, 1.379e-7
0.023, 1.384e-7
0.022, 1.351e-7
0.021, 1.385e-7
0.020, 1.379e-7
0.019, 1.381e-7
0.018, 1.389e-7
0.017, 1.383e-7
0.016, 1.390e-7
0.015, 1.383e-7
0.014, 1.389e-7
0.013, 1.408e-7
0.012, 1.367e-7
0.011, 1.397e-7
0.010, 1.363e-7
0.009, 1.369e-7
0.008, 1.389e-7
0.007, 1.386e-7
0.006, 1.388e-7
0.005, 1.406e-7
0.004, 1.400e-7
0.003, 1.366e-7
0.002, 1.362e-7
0.001, 1.397e-7
0.000, 1.380e-7
-0.001, 1.369e-7
-0.002, 1.275e-7
-0.003, 1.403e-7
-0.004, 1.419e-7
-0.005, 1.411e-7
-0.006, 1.384e-7
-0.007, 1.419e-7
-0.008, 1.410e-7
-0.009, 1.398e-7
-0.010, 1.412e-7
-0.011, 1.407e-7
-0.012, 1.408e-7
-0.013, 1.416e-7
-0.014, 1.423e-7
-0.015, 1.414e-7
-0.016, 1.415e-7
-0.017, 1.410e-7
-0.018, 1.424e-7
-0.019, 1.436e-7
-0.020, 1.427e-7
-0.021, 1.421e-7
-0.022, 1.445e-7
-0.023, 1.411e-7
-0.024, 1.435e-7
-0.025, 1.436e-7
-0.026, 1.418e-7
-0.027, 1.431e-7
-0.028, 1.432e-7
-0.029, 1.426e-7
-0.030, 1.439e-7
-0.031, 1.418e-7
-0.032, 1.447e-7
-0.033, 1.446e-7
-0.034, 1.445e-7
-0.035, 1.440e-7
-0.036, 1.436e-7
-0.037, 1.437e-7
-0.038, 1.452e-7
-0.039, 1.466e-7
-0.040, 1.453e-7
-0.041, 1.449e-7
-0.042, 1.447e-7
-0.043, 1.462e-7
-0.044, 1.469e-7
-0.045, 1.449e-7
-0.046, 1.456e-7
-0.047, 1.453e-7
-0.048, 1.459e-7
-0.049, 1.465e-7
-0.050, 1.475e-7
