-0.049, 1.697e-9
-0.048, -8.993e-8
-0.047, -1.052e-7
-0.046, -1.074e-7
-0.045, -1.113e-7
-0.044, -1.115e-7
-0.043, -1.143e-7
-0.042, -1.133e-7
-0.041, -1.149e-7
-0.040, -1.141e-7
-0.039, -1.171e-7
-0.038, -1.170e-7
-0.037, -1.184e-7
-0.036, -1.175e-7
-0.035, -1.170e-7
-0.034, -1.165e-7
-0.033, -1.174e-7
-0.032, -1.194e-7
-0.031, -1.189e-7
-0.030, -1.198e-7
-0.029, -1.200e-7
-0.028, -1.182e-7
-0.027, -1.193e-7
-0.026, -1.213e-7
-0.025, -1.192e-7
-0.024, -1.201e-7
-0.023, -1.210e-7
-0.022, -1.200e-7
-0.021, -1.207e-7
-0.020, -1.209e-7
-0.019, -1.194e-7
-0.018, -1.222e-7
-0.017, -1.231e-7
-0.016, -1.207e-7
-0.015, -1.218e-7
-0.014, -1.218e-7
-0.013, -1.227e-7
-0.012, -1.221e-7
-0.011, -1.215e-7
-0.010, -1.213e-7
-0.009, -1.232e-7
-0.008, -1.218e-7
-0.007, -1.242e-7
-0.006, -1.228e-7
-0.005, -1.219e-7
-0.004, -1.245e-7
-0.003, -1.234e-7
-0.002, -1.240e-7
-0.001, -1.246e-7
-0.000, -1.249e-7
0.001, -1.094e-7
0.002, -1.194e-7
0.003, -1.196e-7
0.004, -1.230e-7
0.005, -1.223e-7
0.006, -1.223e-7
0.007, -1.236e-7
0.008, -1.224e-7
0.009, -1.244e-7
0.010, -1.241e-7
0.011, -1.235e-7
0.012, -1.241e-7
0.013, -1.237e-7
0.014, -1.246e-7
0.015, -1.249e-7
0.016, -1.242e-7
0.017, -1.256e-7
0.018, -1.233e-7
0.019, -1.250e-7
0.020, -1.247e-7
0.021, -1.249e-7
0.022, -1.251e-7
0.023, -1.248e-7
0.024, -1.237e-7
0.025, -1.260e-7
0.026, -1.279e-7
0.027, -1.251e-7
0.028, -1.253e-7
0.029, -1.270e-7
0.030, -1.229e-7
0.031, -1.259e-7
0.032, -1.257e-7
0.033, -1.248e-7
0.034, -1.280e-7
0.035, -1.277e-7
0.036, -1.268e-7
0.037, -1.256e-7
0.038, -1.261e-7
0.039, -1.259e-7
0.040, -1.257e-7
0.041, -1.275e-7
0.042, -1.279e-7
0.043, -1.239e-7
0.044, -1.260e-7
0.045, -1.265e-7
0.046, -1.268e-7
0.047, -1.282e-7
0.048, -1.289e-7
0.049, -1.289e-7
0.050, -1.258e-7
0.051, -1.263e-7
0.052, -1.268e-7
0.053, -1.289e-7
0.054, -1.266e-7
0.055, -1.285e-7
0.056, -1.288e-7
0.057, -1.297e-7
0.058, -1.300e-7
0.059, -1.280e-7
0.060, -1.297e-7
0.061, -1.278e-7
0.062, -1.294e-7
0.063, -1.289e-7
0.064, -1.302e-7
0.065, -1.194e-7
0.066, -1.248e-7
0.067, -1.291e-7
0.068, -1.255e-7
0.069, -1.292e-7
0.070, -1.294e-7
0.071, -1.277e-7
0.072, -1.270e-7
0.073, -1.309e-7
0.074, -1.305e-7
0.075, -1.303e-7
0.076, -1.304e-7
0.077, -1.310e-7
0.078, -1.295e-7
0.079, -1.312e-7
0.080, -1.292e-7
0.081, -1.296e-7
0.082, -1.304e-7
0.083, -1.306e-7
0.084, -1.304e-7
0.085, -1.308e-7
0.086, -1.316e-7
0.087, -1.333e-7
0.088, -1.331e-7
0.089, -1.339e-7
0.090, -1.319e-7
0.091, -1.321e-7
0.092, -1.314e-7
0.093, -1.298e-7
0.094, -1.342e-7
0.095, -1.320e-7
0.096, -1.325e-7
0.097, -1.328e-7
0.098, -1.319e-7
0.099, -1.339e-7
0.100, -1.317e-7
0.101, -1.333e-7
0.102, -1.346e-7
0.103, -1.314e-7
0.104, -1.355e-7
0.105, -1.338e-7
0.106, -1.334e-7
0.107, -1.343e-7
0.108, -1.352e-7
0.109, -1.345e-7
0.110, -1.344e-7
0.111, -1.325e-7
0.112, -1.339e-7
0.113, -1.367e-7
0.114, -1.376e-7
0.115, -1.365e-7
0.116, -1.356e-7
0.117, -1.367e-7
0.118, -1.358e-7
0.119, -1.371e-7
0.120, -1.373e-7
0.121, -1.370e-7
0.122, -1.387e-7
0.123, -1.401e-7
0.124, -1.396e-7
0.125, -1.379e-7
0.126, -1.400e-7
0.127, -1.382e-7
0.128, -1.406e-7
0.129, -1.285e-7
0.130, -1.352e-7
0.131, -1.387e-7
0.132, -1.399e-7
0.133, -1.385e-7
0.134, -1.386e-7
0.135, -1.398e-7
0.136, -1.403e-7
0.137, -1.420e-7
0.138, -1.403e-7
0.139, -1.432e-7
0.140, -1.437e-7
0.141, -1.428e-7
0.142, -1.435e-7
0.143, -1.436e-7
0.144, -1.443e-7
0.145, -1.464e-7
0.146, -1.449e-7
0.147, -1.481e-7
0.148, -1.471e-7
0.149, -1.483e-7
0.150, -1.498e-7
0.151, -1.496e-7
0.152, -1.487e-7
0.153, -1.530e-7
0.154, -1.519e-7
0.155, -1.513e-7
0.156, -1.535e-7
0.157, -1.535e-7
0.158, -1.562e-7
0.159, -1.572e-7
0.160, -1.579e-7
0.161, -1.589e-7
0.162, -1.585e-7
0.163, -1.614e-7
0.164, -1.625e-7
0.165, -1.619e-7
0.166, -1.650e-7
0.167, -1.654e-7
0.168, -1.668e-7
0.169, -1.672e-7
0.170, -1.711e-7
0.171, -1.700e-7
0.172, -1.723e-7
0.173, -1.728e-7
0.174, -1.737e-7
0.175, -1.755e-7
0.176, -1.758e-7
0.177, -1.781e-7
0.178, -1.819e-7
0.179, -1.791e-7
0.180, -1.841e-7
0.181, -1.858e-7
0.182, -1.878e-7
0.183, -1.907e-7
0.184, -1.901e-7
0.185, -1.915e-7
0.186, -1.945e-7
0.187, -1.962e-7
0.188, -1.964e-7
0.189, -1.990e-7
0.190, -2.001e-7
0.191, -2.028e-7
0.192, -2.048e-7
0.193, -1.937e-7
0.194, -2.025e-7
0.195, -2.052e-7
0.196, -2.077e-7
0.197, -2.099e-7
0.198, -2.118e-7
0.199, -2.149e-7
0.200, -2.169e-7
0.201, -2.183e-7
0.202, -2.170e-7
0.203, -2.219e-7
0.204, -2.238e-7
0.205, -2.240e-7
0.206, -2.253e-7
0.207, -2.264e-7
0.208, -2.278e-7
0.209, -2.290e-7
0.210, -2.296e-7
0.211, -2.346e-7
0.212, -2.349e-7
0.213, -2.333e-7
0.214, -2.362e-7
0.215, -2.394e-7
0.216, -2.410e-7
0.217, -2.376e-7
0.218, -2.415e-7
0.219, -2.418e-7
0.220, -2.437e-7
0.221, -2.431e-7
0.222, -2.446e-7
0.223, -2.454e-7
0.224, -2.459e-7
0.225, -2.481e-7
0.226, -2.470e-7
0.227, -2.506e-7
0.228, -2.466e-7
0.229, -2.476e-7
0.230, -2.481e-7
0.231, -2.516e-7
0.232, -2.503e-7
0.233, -2.498e-7
0.234, -2.527e-7
0.235, -2.515e-7
0.236, -2.527e-7
0.237, -2.521e-7
0.238, -2.524e-7
0.239, -2.533e-7
0.240, -2.543e-7
0.241, -2.534e-7
0.242, -2.533e-7
0.243, -2.541e-7
0.244, -2.527e-7
0.245, -2.519e-7
0.246, -2.534e-7
0.247, -2.541e-7
0.248, -2.541e-7
0.249, -2.536e-7
0.250, -2.553e-7
0.251, -2.519e-7
0.252, -2.510e-7
0.253, -2.551e-7
0.254, -2.542e-7
0.255, -2.531e-7
0.256, -2.539e-7
0.257, -2.382e-7
0.258, -2.480e-7
0.259, -2.494e-7
0.260, -2.498e-7
0.261, -2.475e-7
0.262, -2.493e-7
0.263, -2.506e-7
0.264, -2.505e-7
0.265, -2.502e-7
0.266, -2.492e-7
0.267, -2.499e-7
0.268, -2.496e-7
0.269, -2.494e-7
0.270, -2.471e-7
0.271, -2.489e-7
0.272, -2.464e-7
0.273, -2.489e-7
0.274, -2.483e-7
0.275, -2.503e-7
0.276, -2.477e-7
0.277, -2.460e-7
0.278, -2.493e-7
0.279, -2.471e-7
0.280, -2.489e-7
0.281, -2.473e-7
0.282, -2.467e-7
0.283, -2.456e-7
0.284, -2.462e-7
0.285, -2.453e-7
0.286, -2.446e-7
0.287, -2.435e-7
0.288, -2.439e-7
0.289, -2.450e-7
0.290, -2.447e-7
0.291, -2.432e-7
0.292, -2.457e-7
0.293, -2.465e-7
0.294, -2.437e-7
0.295, -2.419e-7
0.296, -2.434e-7
0.297, -2.435e-7
0.298, -2.449e-7
0.299, -2.428e-7
0.300, -2.437e-7
0.301, -2.440e-7
0.302, -2.419e-7
0.303, -2.452e-7
0.304, -2.427e-7
0.305, -2.400e-7
0.306, -2.421e-7
0.307, -2.422e-7
0.308, -2.422e-7
0.309, -2.424e-7
0.310, -2.442e-7
0.311, -2.445e-7
0.312, -2.433e-7
0.313, -2.410e-7
0.314, -2.408e-7
0.315, -2.452e-7
0.316, -2.436e-7
0.317, -2.428e-7
0.318, -2.426e-7
0.319, -2.424e-7
0.320, -2.428e-7
0.321, -2.310e-7
0.322, -2.385e-7
0.323, -2.420e-7
0.324, -2.402e-7
0.325, -2.398e-7
0.326, -2.430e-7
0.327, -2.407e-7
0.328, -2.392e-7
0.329, -2.406e-7
0.330, -2.430e-7
0.331, -2.424e-7
0.332, -2.454e-7
0.333, -2.430e-7
0.334, -2.417e-7
0.335, -2.417e-7
0.336, -2.418e-7
0.337, -2.428e-7
0.338, -2.440e-7
0.339, -2.441e-7
0.340, -2.446e-7
0.341, -2.433e-7
0.342, -2.416e-7
0.343, -2.452e-7
0.344, -2.455e-7
0.345, -2.455e-7
0.346, -2.450e-7
0.347, -2.439e-7
0.348, -2.451e-7
0.349, -2.454e-7
0.350, -2.459e-7
0.351, -2.438e-7
0.352, -2.484e-7
0.353, -2.463e-7
0.354, -2.476e-7
0.355, -2.455e-7
0.356, -2.455e-7
0.357, -2.484e-7
0.358, -2.481e-7
0.359, -2.467e-7
0.360, -2.468e-7
0.361, -2.487e-7
0.362, -2.478e-7
0.363, -2.468e-7
0.364, -2.502e-7
0.365, -2.482e-7
0.366, -2.503e-7
0.367, -2.478e-7
0.368, -2.517e-7
0.369, -2.508e-7
0.370, -2.508e-7
0.371, -2.538e-7
0.372, -2.536e-7
0.373, -2.530e-7
0.374, -2.506e-7
0.375, -2.511e-7
0.376, -2.526e-7
0.377, -2.543e-7
0.378, -2.515e-7
0.379, -2.518e-7
0.380, -2.541e-7
0.381, -2.542e-7
0.382, -2.532e-7
0.383, -2.548e-7
0.384, -2.544e-7
0.385, -2.393e-7
0.386, -2.509e-7
0.387, -2.530e-7
0.388, -2.550e-7
0.389, -2.556e-7
0.390, -2.571e-7
0.391, -2.555e-7
0.392, -2.557e-7
0.393, -2.570e-7
0.394, -2.590e-7
0.395, -2.596e-7
0.396, -2.594e-7
0.397, -2.601e-7
0.398, -2.606e-7
0.399, -2.604e-7
0.400, -2.603e-7
0.401, -2.626e-7
0.402, -2.645e-7
0.403, -2.642e-7
0.404, -2.627e-7
0.405, -2.624e-7
0.406, -2.662e-7
0.407, -2.674e-7
0.408, -2.671e-7
0.409, -2.657e-7
0.410, -2.681e-7
0.411, -2.695e-7
0.412, -2.689e-7
0.413, -2.702e-7
0.414, -2.699e-7
0.415, -2.709e-7
0.416, -2.735e-7
0.417, -2.730e-7
0.418, -2.727e-7
0.419, -2.743e-7
0.420, -2.759e-7
0.421, -2.747e-7
0.422, -2.752e-7
0.423, -2.765e-7
0.424, -2.733e-7
0.425, -2.801e-7
0.426, -2.801e-7
0.427, -2.806e-7
0.428, -2.791e-7
0.429, -2.844e-7
0.430, -2.822e-7
0.431, -2.844e-7
0.432, -2.838e-7
0.433, -2.846e-7
0.434, -2.860e-7
0.435, -2.848e-7
0.436, -2.881e-7
0.437, -2.896e-7
0.438, -2.912e-7
0.439, -2.912e-7
0.440, -2.939e-7
0.441, -2.947e-7
0.442, -2.949e-7
0.443, -2.948e-7
0.444, -2.989e-7
0.445, -2.976e-7
0.446, -3.016e-7
0.447, -3.006e-7
0.448, -3.036e-7
0.449, -2.894e-7
0.450, -2.993e-7
0.449, -2.991e-7
0.448, -8.398e-8
0.447, -4.212e-8
0.446, -4.079e-8
0.445, -1.963e-8
0.444, -8.199e-9
0.443, -2.957e-9
0.442, 8.948e-10
0.441, 5.764e-9
0.440, 9.929e-9
0.439, 1.358e-8
0.438, 1.859e-8
0.437, 1.992e-8
0.436, 2.459e-8
0.435, 2.604e-8
0.434, 3.038e-8
0.433, 3.478e-8
0.432, 3.468e-8
0.431, 3.695e-8
0.430, 3.922e-8
0.429, 4.109e-8
0.428, 4.268e-8
0.427, 4.606e-8
0.426, 4.821e-8
0.425, 4.673e-8
0.424, 5.024e-8
0.423, 5.230e-8
0.422, 5.592e-8
0.421, 5.537e-8
0.420, 5.779e-8
0.419, 5.766e-8
0.418, 5.975e-8
0.417, 6.211e-8
0.416, 6.268e-8
0.415, 6.252e-8
0.414, 6.452e-8
0.413, 6.591e-8
0.412, 6.780e-8
0.411, 6.925e-8
0.410, 7.011e-8
0.409, 7.156e-8
0.408, 7.216e-8
0.407, 7.117e-8
0.406, 7.256e-8
0.405, 7.482e-8
0.404, 7.539e-8
0.403, 7.629e-8
0.402, 7.645e-8
0.401, 7.662e-8
0.400, 8.030e-8
0.399, 7.993e-8
0.398, 8.012e-8
0.397, 7.912e-8
0.396, 8.247e-8
0.395, 8.141e-8
0.394, 8.317e-8
0.393, 8.352e-8
0.392, 8.386e-8
0.391, 8.505e-8
0.390, 8.521e-8
0.389, 8.526e-8
0.388, 8.505e-8
0.387, 8.237e-8
0.386, 8.534e-8
0.385, 8.857e-8
0.384, 8.644e-8
0.383, 8.716e-8
0.382, 7.205e-8
0.381, 8.876e-8
0.380, 9.115e-8
0.379, 9.076e-8
0.378, 8.976e-8
0.377, 9.514e-8
0.376, 9.307e-8
0.375, 9.088e-8
0.374, 9.340e-8
0.373, 9.281e-8
0.372, 9.252e-8
0.371, 9.404e-8
0.370, 9.670e-8
0.369, 9.619e-8
0.368, 9.496e-8
0.367, 9.389e-8
0.366, 9.645e-8
0.365, 9.561e-8
0.364, 9.586e-8
0.363, 9.629e-8
0.362, 9.653e-8
0.361, 9.707e-8
0.360, 1.006e-7
0.359, 9.770e-8
0.358, 9.745e-8
0.357, 9.971e-8
0.356, 9.731e-8
0.355, 9.938e-8
0.354, 9.968e-8
0.353, 1.002e-7
0.352, 1.012e-7
0.351, 9.979e-8
0.350, 1.018e-7
0.349, 1.005e-7
0.348, 1.019e-7
0.347, 1.009e-7
0.346, 1.047e-7
0.345, 1.004e-7
0.344, 1.032e-7
0.343, 1.006e-7
0.342, 1.044e-7
0.341, 1.033e-7
0.340, 1.033e-7
0.339, 1.032e-7
0.338, 1.040e-7
0.337, 1.068e-7
0.336, 1.037e-7
0.335, 1.032e-7
0.334, 1.019e-7
0.333, 1.031e-7
0.332, 1.046e-7
0.331, 1.052e-7
0.330, 1.065e-7
0.329, 1.083e-7
0.328, 1.059e-7
0.327, 1.069e-7
0.326, 1.065e-7
0.325, 1.077e-7
0.324, 1.049e-7
0.323, 1.059e-7
0.322, 1.062e-7
0.321, 1.040e-7
0.320, 1.050e-7
0.319, 1.062e-7
0.318, 9.707e-8
0.317, 1.088e-7
0.316, 1.119e-7
0.315, 1.091e-7
0.314, 1.079e-7
0.313, 1.084e-7
0.312, 1.086e-7
0.311, 1.092e-7
0.310, 1.105e-7
0.309, 1.097e-7
0.308, 1.107e-7
0.307, 1.086e-7
0.306, 1.105e-7
0.305, 1.111e-7
0.304, 1.094e-7
0.303, 1.093e-7
0.302, 1.103e-7
0.301, 1.093e-7
0.300, 1.093e-7
0.299, 1.124e-7
0.298, 1.125e-7
0.297, 1.097e-7
0.296, 1.131e-7
0.295, 1.104e-7
0.294, 1.132e-7
0.293, 1.107e-7
0.292, 1.115e-7
0.291, 1.114e-7
0.290, 1.125e-7
0.289, 1.116e-7
0.288, 1.125e-7
0.287, 1.147e-7
0.286, 1.137e-7
0.285, 1.118e-7
0.284, 1.150e-7
0.283, 1.129e-7
0.282, 1.139e-7
0.281, 1.130e-7
0.280, 1.128e-7
0.279, 1.171e-7
0.278, 1.130e-7
0.277, 1.158e-7
0.276, 1.122e-7
0.275, 1.156e-7
0.274, 1.154e-7
0.273, 1.153e-7
0.272, 1.197e-7
0.271, 1.148e-7
0.270, 1.158e-7
0.269, 1.150e-7
0.268, 1.154e-7
0.267, 1.178e-7
0.266, 1.142e-7
0.265, 1.151e-7
0.264, 1.166e-7
0.263, 1.147e-7
0.262, 1.161e-7
0.261, 1.167e-7
0.260, 1.189e-7
0.259, 1.160e-7
0.258, 1.169e-7
0.257, 1.165e-7
0.256, 1.171e-7
0.255, 1.145e-7
0.254, 1.040e-7
0.253, 1.169e-7
0.252, 1.212e-7
0.251, 1.188e-7
0.250, 1.198e-7
0.249, 1.190e-7
0.248, 1.196e-7
0.247, 1.201e-7
0.246, 1.205e-7
0.245, 1.202e-7
0.244, 1.202e-7
0.243, 1.218e-7
0.242, 1.201e-7
0.241, 1.217e-7
0.240, 1.211e-7
0.239, 1.228e-7
0.238, 1.221e-7
0.237, 1.221e-7
0.236, 1.236e-7
0.235, 1.208e-7
0.234, 1.225e-7
0.233, 1.223e-7
0.232, 1.234e-7
0.231, 1.217e-7
0.230, 1.238e-7
0.229, 1.207e-7
0.228, 1.243e-7
0.227, 1.237e-7
0.226, 1.267e-7
0.225, 1.230e-7
0.224, 1.243e-7
0.223, 1.265e-7
0.222, 1.240e-7
0.221, 1.252e-7
0.220, 1.260e-7
0.219, 1.261e-7
0.218, 1.272e-7
0.217, 1.253e-7
0.216, 1.287e-7
0.215, 1.272e-7
0.214, 1.278e-7
0.213, 1.286e-7
0.212, 1.245e-7
0.211, 1.287e-7
0.210, 1.277e-7
0.209, 1.298e-7
0.208, 1.294e-7
0.207, 1.282e-7
0.206, 1.282e-7
0.205, 1.301e-7
0.204, 1.301e-7
0.203, 1.288e-7
0.202, 1.312e-7
0.201, 1.307e-7
0.200, 1.318e-7
0.199, 1.320e-7
0.198, 1.300e-7
0.197, 1.322e-7
0.196, 1.313e-7
0.195, 1.306e-7
0.194, 1.300e-7
0.193, 1.315e-7
0.192, 1.311e-7
0.191, 1.311e-7
0.190, 1.236e-7
0.189, 1.327e-7
0.188, 1.350e-7
0.187, 1.337e-7
0.186, 1.354e-7
0.185, 1.358e-7
0.184, 1.326e-7
0.183, 1.357e-7
0.182, 1.360e-7
0.181, 1.363e-7
0.180, 1.363e-7
0.179, 1.351e-7
0.178, 1.361e-7
0.177, 1.369e-7
0.176, 1.375e-7
0.175, 1.362e-7
0.174, 1.395e-7
0.173, 1.362e-7
0.172, 1.368e-7
0.171, 1.385e-7
0.170, 1.377e-7
0.169, 1.388e-7
0.168, 1.388e-7
0.167, 1.392e-7
0.166, 1.405e-7
0.165, 1.407e-7
0.164, 1.379e-7
0.163, 1.378e-7
0.162, 1.401e-7
0.161, 1.425e-7
0.160, 1.392e-7
0.159, 1.408e-7
0.158, 1.408e-7
0.157, 1.424e-7
0.156, 1.412e-7
0.155, 1.418e-7
0.154, 1.421e-7
0.153, 1.417e-7
0.152, 1.421e-7
0.151, 1.405e-7
0.150, 1.424e-7
0.149, 1.424e-7
0.148, 1.422e-7
0.147, 1.433e-7
0.146, 1.446e-7
0.145, 1.424e-7
0.144, 1.424e-7
0.143, 1.455e-7
0.142, 1.434e-7
0.141, 1.426e-7
0.140, 1.432e-7
0.139, 1.440e-7
0.138, 1.426e-7
0.137, 1.428e-7
0.136, 1.426e-7
0.135, 1.418e-7
0.134, 1.450e-7
0.133, 1.430e-7
0.132, 1.434e-7
0.131, 1.430e-7
0.130, 1.431e-7
0.129, 1.428e-7
0.128, 1.443e-7
0.127, 1.411e-7
0.126, 1.318e-7
0.125, 1.443e-7
0.124, 1.469e-7
0.123, 1.450e-7
0.122, 1.456e-7
0.121, 1.460e-7
0.120, 1.480e-7
0.119, 1.454e-7
0.118, 1.445e-7
0.117, 1.459e-7
0.116, 1.477e-7
0.115, 1.448e-7
0.114, 1.461e-7
0.113, 1.439e-7
0.112, 1.446e-7
0.111, 1.447e-7
0.110, 1.444e-7
0.109, 1.457e-7
0.108, 1.474e-7
0.107, 1.439e-7
0.106, 1.450e-7
0.105, 1.463e-7
0.104, 1.464e-7
0.103, 1.463e-7
0.102, 1.465e-7
0.101, 1.444e-7
0.100, 1.447e-7
0.099, 1.455e-7
0.098, 1.447e-7
0.097, 1.463e-7
0.096, 1.450e-7
0.095, 1.475e-7
0.094, 1.455e-7
0.093, 1.470e-7
0.092, 1.430e-7
0.091, 1.476e-7
0.090, 1.449e-7
0.089, 1.462e-7
0.088, 1.450e-7
0.087, 1.468e-7
0.086, 1.487e-7
0.085, 1.471e-7
0.084, 1.453e-7
0.083, 1.459e-7
0.082, 1.453e-7
0.081, 1.466e-7
0.080, 1.468e-7
0.079, 1.463e-7
0.078, 1.455e-7
0.077, 1.479e-7
0.076, 1.460e-7
0.075, 1.454e-7
0.074, 1.453e-7
0.073, 1.459e-7
0.072, 1.456e-7
0.071, 1.473e-7
0.070, 1.460e-7
0.069, 1.459e-7
0.068, 1.464e-7
0.067, 1.453e-7
0.066, 1.465e-7
0.065, 1.445e-7
0.064, 1.438e-7
0.063, 1.462e-7
0.062, 1.379e-7
0.061, 1.471e-7
0.060, 1.482e-7
0.059, 1.488e-7
0.058, 1.465e-7
0.057, 1.481e-7
0.056, 1.501e-7
0.055, 1.472e-7
0.054, 1.493e-7
0.053, 1.488e-7
0.052, 1.483e-7
0.051, 1.470e-7
0.050, 1.477e-7
0.049, 1.490e-7
0.048, 1.481e-7
0.047, 1.462e-7
0.046, 1.460e-7
0.045, 1.489e-7
0.044, 1.464e-7
0.043, 1.495e-7
0.042, 1.483e-7
0.041, 1.459e-7
0.040, 1.472e-7
0.039, 1.494e-7
0.038, 1.487e-7
0.037, 1.499e-7
0.036, 1.498e-7
0.035, 1.498e-7
0.034, 1.473e-7
0.033, 1.504e-7
0.032, 1.489e-7
0.031, 1.475e-7
0.030, 1.473e-7
0.029, 1.488e-7
0.028, 1.497e-7
0.027, 1.517e-7
0.026, 1.478e-7
0.025, 1.507e-7
0.024, 1.516e-7
0.023, 1.486e-7
0.022, 1.495e-7
0.021, 1.515e-7
0.020, 1.505e-7
0.019, 1.495e-7
0.018, 1.502e-7
0.017, 1.495e-7
0.016, 1.530e-7
0.015, 1.493e-7
0.014, 1.512e-7
0.013, 1.504e-7
0.012, 1.507e-7
0.011, 1.498e-7
0.010, 1.501e-7
0.009, 1.510e-7
0.008, 1.515e-7
0.007, 1.491e-7
0.006, 1.514e-7
0.005, 1.519e-7
0.004, 1.522e-7
0.003, 1.488e-7
0.002, 1.494e-7
0.001, 1.495e-7
0.000, 1.527e-7
-0.001, 1.498e-7
-0.002, 1.405e-7
-0.003, 1.511e-7
-0.004, 1.529e-7
-0.005, 1.529e-7
-0.006, 1.539e-7
-0.007, 1.558e-7
-0.008, 1.523e-7
-0.009, 1.531e-7
-0.010, 1.533e-7
-0.011, 1.530e-7
-0.012, 1.538e-7
-0.013, 1.532e-7
-0.014, 1.540e-7
-0.015, 1.535e-7
-0.016, 1.533e-7
-0.017, 1.549e-7
-0.018, 1.553e-7
-0.019, 1.529e-7
-0.020, 1.578e-7
-0.021, 1.538e-7
-0.022, 1.554e-7
-0.023, 1.541e-7
-0.024, 1.553e-7
-0.025, 1.554e-7
-0.026, 1.551e-7
-0.027, 1.560e-7
-0.028, 1.557e-7
-0.029, 1.549e-7
-0.030, 1.564e-7
-0.031, 1.543e-7
-0.032, 1.576e-7
-0.033, 1.575e-7
-0.034, 1.549e-7
-0.035, 1.576e-7
-0.036, 1.590e-7
-0.037, 1.559e-7
-0.038, 1.586e-7
-0.039, 1.571e-7
-0.040, 1.578e-7
-0.041, 1.598e-7
-0.042, 1.590e-7
-0.043, 1.587e-7
-0.044, 1.582e-7
-0.045, 1.591e-7
-0.046, 1.596e-7
-0.047, 1.594e-7
-0.048, 1.619e-7
-0.049, 1.575e-7
-0.050, 1.608e-7
