-0.049, 6.975e-9
-0.048, -9.579e-8
-0.047, -1.128e-7
-0.046, -1.173e-7
-0.045, -1.180e-7
-0.044, -1.209e-7
-0.043, -1.185e-7
-0.042, -1.212e-7
-0.041, -1.249e-7
-0.040, -1.243e-7
-0.039, -1.252e-7
-0.038, -1.232e-7
-0.037, -1.255e-7
-0.036, -1.250e-7
-0.035, -1.260e-7
-0.034, -1.246e-7
-0.033, -1.275e-7
-0.032, -1.264e-7
-0.031, -1.273e-7
-0.030, -1.269e-7
-0.029, -1.297e-7
-0.028, -1.256e-7
-0.027, -1.275e-7
-0.026, -1.292e-7
-0.025, -1.285e-7
-0.024, -1.292e-7
-0.023, -1.276e-7
-0.022, -1.284e-7
-0.021, -1.304e-7
-0.020, -1.293e-7
-0.019, -1.287e-7
-0.018, -1.278e-7
-0.017, -1.313e-7
-0.016, -1.290e-7
-0.015, -1.286e-7
-0.014, -1.303e-7
-0.013, -1.306e-7
-0.012, -1.304e-7
-0.011, -1.315e-7
-0.010, -1.305e-7
-0.009, -1.331e-7
-0.008, -1.316e-7
-0.007, -1.296e-7
-0.006, -1.326e-7
-0.005, -1.305e-7
-0.004, -1.316e-7
-0.003, -1.336e-7
-0.002, -1.324e-7
-0.001, -1.324e-7
-0.000, -1.339e-7
0.001, -1.199e-7
0.002, -1.257e-7
0.003, -1.307e-7
0.004, -1.309e-7
0.005, -1.303e-7
0.006, -1.296e-7
0.007, -1.313e-7
0.008, -1.298e-7
0.009, -1.325e-7
0.010, -1.311e-7
0.011, -1.312e-7
0.012, -1.314e-7
0.013, -1.323e-7
0.014, -1.341e-7
0.015, -1.333e-7
0.016, -1.322e-7
0.017, -1.321e-7
0.018, -1.330e-7
0.019, -1.345e-7
0.020, -1.306e-7
0.021, -1.315e-7
0.022, -1.320e-7
0.023, -1.353e-7
0.024, -1.311e-7
0.025, -1.355e-7
0.026, -1.341e-7
0.027, -1.344e-7
0.028, -1.353e-7
0.029, -1.318e-7
0.030, -1.340e-7
0.031, -1.352e-7
0.032, -1.339e-7
0.033, -1.333e-7
0.034, -1.340e-7
0.035, -1.344e-7
0.036, -1.344e-7
0.037, -1.326e-7
0.038, -1.349e-7
0.039, -1.341e-7
0.040, -1.358e-7
0.041, -1.354e-7
0.042, -1.356e-7
0.043, -1.366e-7
0.044, -1.370e-7
0.045, -1.361e-7
0.046, -1.336e-7
0.047, -1.345e-7
0.048, -1.378e-7
0.049, -1.355e-7
0.050, -1.334e-7
0.051, -1.357e-7
0.052, -1.349e-7
0.053, -1.361e-7
0.054, -1.371e-7
0.055, -1.393e-7
0.056, -1.369e-7
0.057, -1.369e-7
0.058, -1.368e-7
0.059, -1.367e-7
0.060, -1.382e-7
0.061, -1.363e-7
0.062, -1.380e-7
0.063, -1.377e-7
0.064, -1.379e-7
0.065, -1.270e-7
0.066, -1.369e-7
0.067, -1.361e-7
0.068, -1.359e-7
0.069, -1.371e-7
0.070, -1.366e-7
0.071, -1.362e-7
0.072, -1.365e-7
0.073, -1.378e-7
0.074, -1.385e-7
0.075, -1.372e-7
0.076, -1.383e-7
0.077, -1.375e-7
0.078, -1.404e-7
0.079, -1.392e-7
0.080, -1.398e-7
0.081, -1.377e-7
0.082, -1.383e-7
0.083, -1.391e-7
0.084, -1.384e-7
0.085, -1.360e-7
0.086, -1.418e-7
0.087, -1.388e-7
0.088, -1.399e-7
0.089, -1.404e-7
0.090, -1.400e-7
0.091, -1.392e-7
0.092, -1.402e-7
0.093, -1.412e-7
0.094, -1.417e-7
0.095, -1.401e-7
0.096, -1.399e-7
0.097, -1.407e-7
0.098, -1.441e-7
0.099, -1.393e-7
0.100, -1.422e-7
0.101, -1.406e-7
0.102, -1.418e-7
0.103, -1.425e-7
0.104, -1.420e-7
0.105, -1.398e-7
0.106, -1.428e-7
0.107, -1.411e-7
0.108, -1.436e-7
0.109, -1.420e-7
0.110, -1.402e-7
0.111, -1.434e-7
0.112, -1.410e-7
0.113, -1.431e-7
0.114, -1.430e-7
0.115, -1.413e-7
0.116, -1.423e-7
0.117, -1.436e-7
0.118, -1.429e-7
0.119, -1.478e-7
0.120, -1.434e-7
0.121, -1.462e-7
0.122, -1.419e-7
0.123, -1.462e-7
0.124, -1.452e-7
0.125, -1.456e-7
0.126, -1.482e-7
0.127, -1.462e-7
0.128, -1.468e-7
0.129, -1.338e-7
0.130, -1.416e-7
0.131, -1.413e-7
0.132, -1.443e-7
0.133, -1.434e-7
0.134, -1.436e-7
0.135, -1.442e-7
0.136, -1.464e-7
0.137, -1.461e-7
0.138, -1.444e-7
0.139, -1.461e-7
0.140, -1.477e-7
0.141, -1.460e-7
0.142, -1.468e-7
0.143, -1.479e-7
0.144, -1.483e-7
0.145, -1.485e-7
0.146, -1.510e-7
0.147, -1.492e-7
0.148, -1.514e-7
0.149, -1.504e-7
0.150, -1.506e-7
0.151, -1.516e-7
0.152, -1.519e-7
0.153, -1.505e-7
0.154, -1.544e-7
0.155, -1.530e-7
0.156, -1.531e-7
0.157, -1.536e-7
0.158, -1.557e-7
0.159, -1.557e-7
0.160, -1.551e-7
0.161, -1.563e-7
0.162, -1.564e-7
0.163, -1.575e-7
0.164, -1.595e-7
0.165, -1.576e-7
0.166, -1.588e-7
0.167, -1.611e-7
0.168, -1.604e-7
0.169, -1.631e-7
0.170, -1.633e-7
0.171, -1.634e-7
0.172, -1.651e-7
0.173, -1.652e-7
0.174, -1.673e-7
0.175, -1.683e-7
0.176, -1.665e-7
0.177, -1.703e-7
0.178, -1.709e-7
0.179, -1.704e-7
0.180, -1.711e-7
0.181, -1.780e-7
0.182, -1.752e-7
0.183, -1.758e-7
0.184, -1.777e-7
0.185, -1.806e-7
0.186, -1.807e-7
0.187, -1.827e-7
0.188, -1.855e-7
0.189, -1.839e-7
0.190, -1.867e-7
0.191, -1.888e-7
0.192, -1.915e-7
0.193, -1.802e-7
0.194, -1.909e-7
0.195, -1.911e-7
0.196, -1.946e-7
0.197, -1.944e-7
0.198, -1.971e-7
0.199, -1.973e-7
0.200, -1.997e-7
0.201, -2.029e-7
0.202, -2.035e-7
0.203, -2.059e-7
0.204, -2.066e-7
0.205, -2.089e-7
0.206, -2.127e-7
0.207, -2.122e-7
0.208, -2.132e-7
0.209, -2.155e-7
0.210, -2.156e-7
0.211, -2.212e-7
0.212, -2.177e-7
0.213, -2.226e-7
0.214, -2.220e-7
0.215, -2.251e-7
0.216, -2.265e-7
0.217, -2.233e-7
0.218, -2.288e-7
0.219, -2.277e-7
0.220, -2.303e-7
0.221, -2.316e-7
0.222, -2.347e-7
0.223, -2.350e-7
0.224, -2.328e-7
0.225, -2.363e-7
0.226, -2.375e-7
0.227, -2.389e-7
0.228, -2.378e-7
0.229, -2.398e-7
0.230, -2.411e-7
0.231, -2.433e-7
0.232, -2.428e-7
0.233, -2.447e-7
0.234, -2.442e-7
0.235, -2.443e-7
0.236, -2.473e-7
0.237, -2.468e-7
0.238, -2.451e-7
0.239, -2.477e-7
0.240, -2.460e-7
0.241, -2.489e-7
0.242, -2.494e-7
0.243, -2.506e-7
0.244, -2.494e-7
0.245, -2.493e-7
0.246, -2.503e-7
0.247, -2.510e-7
0.248, -2.502e-7
0.249, -2.528e-7
0.250, -2.523e-7
0.251, -2.526e-7
0.252, -2.514e-7
0.253, -2.536e-7
0.254, -2.548e-7
0.255, -2.540e-7
0.256, -2.521e-7
0.257, -2.392e-7
0.258, -2.507e-7
0.259, -2.477e-7
0.260, -2.500e-7
0.261, -2.506e-7
0.262, -2.517e-7
0.263, -2.523e-7
0.264, -2.488e-7
0.265, -2.498e-7
0.266, -2.522e-7
0.267, -2.527e-7
0.268, -2.485e-7
0.269, -2.501e-7
0.270, -2.515e-7
0.271, -2.515e-7
0.272, -2.509e-7
0.273, -2.530e-7
0.274, -2.509e-7
0.275, -2.516e-7
0.276, -2.493e-7
0.277, -2.510e-7
0.278, -2.507e-7
0.279, -2.513e-7
0.280, -2.511e-7
0.281, -2.515e-7
0.282, -2.505e-7
0.283, -2.469e-7
0.284, -2.519e-7
0.285, -2.513e-7
0.286, -2.500e-7
0.287, -2.485e-7
0.288, -2.507e-7
0.289, -2.510e-7
0.290, -2.495e-7
0.291, -2.496e-7
0.292, -2.480e-7
0.293, -2.490e-7
0.294, -2.470e-7
0.295, -2.471e-7
0.296, -2.463e-7
0.297, -2.500e-7
0.298, -2.495e-7
0.299, -2.481e-7
0.300, -2.489e-7
0.301, -2.463e-7
0.302, -2.471e-7
0.303, -2.497e-7
0.304, -2.463e-7
0.305, -2.501e-7
0.306, -2.482e-7
0.307, -2.452e-7
0.308, -2.483e-7
0.309, -2.493e-7
0.310, -2.472e-7
0.311, -2.455e-7
0.312, -2.471e-7
0.313, -2.483e-7
0.314, -2.474e-7
0.315, -2.486e-7
0.316, -2.468e-7
0.317, -2.486e-7
0.318, -2.486e-7
0.319, -2.464e-7
0.320, -2.476e-7
0.321, -2.358e-7
0.322, -2.422e-7
0.323, -2.423e-7
0.324, -2.459e-7
0.325, -2.462e-7
0.326, -2.449e-7
0.327, -2.486e-7
0.328, -2.448e-7
0.329, -2.471e-7
0.330, -2.468e-7
0.331, -2.465e-7
0.332, -2.482e-7
0.333, -2.465e-7
0.334, -2.481e-7
0.335, -2.455e-7
0.336, -2.504e-7
0.337, -2.486e-7
0.338, -2.479e-7
0.339, -2.483e-7
0.340, -2.495e-7
0.341, -2.488e-7
0.342, -2.494e-7
0.343, -2.491e-7
0.344, -2.521e-7
0.345, -2.508e-7
0.346, -2.501e-7
0.347, -2.493e-7
0.348, -2.515e-7
0.349, -2.513e-7
0.350, -2.504e-7
0.351, -2.519e-7
0.352, -2.478e-7
0.353, -2.513e-7
0.354, -2.510e-7
0.355, -2.538e-7
0.356, -2.517e-7
0.357, -2.526e-7
0.358, -2.521e-7
0.359, -2.509e-7
0.360, -2.530e-7
0.361, -2.536e-7
0.362, -2.536e-7
0.363, -2.543e-7
0.364, -2.516e-7
0.365, -2.555e-7
0.366, -2.549e-7
0.367, -2.539e-7
0.368, -2.543e-7
0.369, -2.557e-7
0.370, -2.558e-7
0.371, -2.557e-7
0.372, -2.557e-7
0.373, -2.572e-7
0.374, -2.569e-7
0.375, -2.554e-7
0.376, -2.582e-7
0.377, -2.579e-7
0.378, -2.582e-7
0.379, -2.569e-7
0.380, -2.607e-7
0.381, -2.605e-7
0.382, -2.591e-7
0.383, -2.601e-7
0.384, -2.624e-7
0.385, -2.456e-7
0.386, -2.561e-7
0.387, -2.584e-7
0.388, -2.606e-7
0.389, -2.615e-7
0.390, -2.611e-7
0.391, -2.616e-7
0.392, -2.635e-7
0.393, -2.633e-7
0.394, -2.643e-7
0.395, -2.620e-7
0.396, -2.658e-7
0.397, -2.652e-7
0.398, -2.652e-7
0.399, -2.685e-7
0.400, -2.664e-7
0.401, -2.689e-7
0.402, -2.682e-7
0.403, -2.709e-7
0.404, -2.690e-7
0.405, -2.707e-7
0.406, -2.715e-7
0.407, -2.712e-7
0.408, -2.719e-7
0.409, -2.711e-7
0.410, -2.762e-7
0.411, -2.720e-7
0.412, -2.745e-7
0.413, -2.788e-7
0.414, -2.772e-7
0.415, -2.760e-7
0.416, -2.775e-7
0.417, -2.765e-7
0.418, -2.779e-7
0.419, -2.778e-7
0.420, -2.813e-7
0.421, -2.784e-7
0.422, -2.812e-7
0.423, -2.813e-7
0.424, -2.821e-7
0.425, -2.854e-7
0.426, -2.850e-7
0.427, -2.845e-7
0.428, -2.842e-7
0.429, -2.876e-7
0.430, -2.875e-7
0.431, -2.872e-7
0.432, -2.898e-7
0.433, -2.940e-7
0.434, -2.901e-7
0.435, -2.886e-7
0.436, -2.938e-7
0.437, -2.936e-7
0.438, -2.955e-7
0.439, -2.949e-7
0.440, -2.967e-7
0.441, -2.992e-7
0.442, -3.003e-7
0.443, -2.980e-7
0.444, -3.000e-7
0.445, -3.029e-7
0.446, -3.046e-7
0.447, -3.038e-7
0.448, -3.088e-7
0.449, -2.893e-7
0.450, -3.004e-7
0.449, -3.038e-7
0.448, -7.386e-8
0.447, -3.152e-8
0.446, -2.900e-8
0.445, -5.245e-9
0.444, 2.145e-9
0.443, 8.658e-9
0.442, 1.452e-8
0.441, 1.693e-8
0.440, 2.311e-8
0.439, 2.342e-8
0.438, 3.017e-8
0.437, 3.145e-8
0.436, 3.535e-8
0.435, 3.924e-8
0.434, 4.270e-8
0.433, 4.622e-8
0.432, 4.649e-8
0.431, 4.749e-8
0.430, 5.054e-8
0.429, 5.314e-8
0.428, 5.713e-8
0.427, 5.787e-8
0.426, 6.037e-8
0.425, 5.943e-8
0.424, 6.262e-8
0.423, 6.626e-8
0.422, 6.571e-8
0.421, 6.745e-8
0.420, 6.906e-8
0.419, 6.990e-8
0.418, 7.281e-8
0.417, 7.295e-8
0.416, 7.584e-8
0.415, 7.520e-8
0.414, 7.885e-8
0.413, 7.742e-8
0.412, 8.100e-8
0.411, 7.910e-8
0.410, 8.214e-8
0.409, 8.259e-8
0.408, 8.435e-8
0.407, 8.491e-8
0.406, 8.450e-8
0.405, 8.683e-8
0.404, 8.837e-8
0.403, 8.976e-8
0.402, 8.865e-8
0.401, 9.140e-8
0.400, 9.127e-8
0.399, 9.062e-8
0.398, 9.336e-8
0.397, 9.185e-8
0.396, 9.512e-8
0.395, 9.287e-8
0.394, 9.586e-8
0.393, 9.396e-8
0.392, 9.692e-8
0.391, 9.443e-8
0.390, 9.703e-8
0.389, 9.570e-8
0.388, 9.958e-8
0.387, 9.707e-8
0.386, 9.942e-8
0.385, 1.009e-7
0.384, 1.008e-7
0.383, 1.001e-7
0.382, 8.399e-8
0.381, 9.959e-8
0.380, 1.040e-7
0.379, 1.044e-7
0.378, 1.025e-7
0.377, 1.041e-7
0.376, 1.051e-7
0.375, 1.055e-7
0.374, 1.048e-7
0.373, 1.068e-7
0.372, 1.042e-7
0.371, 1.046e-7
0.370, 1.070e-7
0.369, 1.076e-7
0.368, 1.073e-7
0.367, 1.090e-7
0.366, 1.075e-7
0.365, 1.074e-7
0.364, 1.092e-7
0.363, 1.106e-7
0.362, 1.092e-7
0.361, 1.082e-7
0.360, 1.116e-7
0.359, 1.092e-7
0.358, 1.102e-7
0.357, 1.137e-7
0.356, 1.098e-7
0.355, 1.122e-7
0.354, 1.103e-7
0.353, 1.114e-7
0.352, 1.169e-7
0.351, 1.131e-7
0.350, 1.115e-7
0.349, 1.131e-7
0.348, 1.123e-7
0.347, 1.159e-7
0.346, 1.147e-7
0.345, 1.135e-7
0.344, 1.138e-7
0.343, 1.166e-7
0.342, 1.165e-7
0.341, 1.158e-7
0.340, 1.177e-7
0.339, 1.160e-7
0.338, 1.158e-7
0.337, 1.160e-7
0.336, 1.154e-7
0.335, 1.175e-7
0.334, 1.162e-7
0.333, 1.192e-7
0.332, 1.170e-7
0.331, 1.165e-7
0.330, 1.190e-7
0.329, 1.203e-7
0.328, 1.180e-7
0.327, 1.173e-7
0.326, 1.174e-7
0.325, 1.207e-7
0.324, 1.165e-7
0.323, 1.181e-7
0.322, 1.178e-7
0.321, 1.200e-7
0.320, 1.194e-7
0.319, 1.186e-7
0.318, 1.095e-7
0.317, 1.217e-7
0.316, 1.202e-7
0.315, 1.200e-7
0.314, 1.215e-7
0.313, 1.238e-7
0.312, 1.197e-7
0.311, 1.223e-7
0.310, 1.219e-7
0.309, 1.208e-7
0.308, 1.235e-7
0.307, 1.224e-7
0.306, 1.207e-7
0.305, 1.237e-7
0.304, 1.210e-7
0.303, 1.228e-7
0.302, 1.222e-7
0.301, 1.232e-7
0.300, 1.216e-7
0.299, 1.232e-7
0.298, 1.230e-7
0.297, 1.240e-7
0.296, 1.253e-7
0.295, 1.250e-7
0.294, 1.246e-7
0.293, 1.238e-7
0.292, 1.243e-7
0.291, 1.253e-7
0.290, 1.241e-7
0.289, 1.260e-7
0.288, 1.274e-7
0.287, 1.228e-7
0.286, 1.250e-7
0.285, 1.246e-7
0.284, 1.287e-7
0.283, 1.259e-7
0.282, 1.272e-7
0.281, 1.274e-7
0.280, 1.248e-7
0.279, 1.264e-7
0.278, 1.278e-7
0.277, 1.265e-7
0.276, 1.287e-7
0.275, 1.248e-7
0.274, 1.291e-7
0.273, 1.274e-7
0.272, 1.280e-7
0.271, 1.284e-7
0.270, 1.294e-7
0.269, 1.277e-7
0.268, 1.303e-7
0.267, 1.271e-7
0.266, 1.285e-7
0.265, 1.302e-7
0.264, 1.265e-7
0.263, 1.274e-7
0.262, 1.280e-7
0.261, 1.295e-7
0.260, 1.287e-7
0.259, 1.296e-7
0.258, 1.300e-7
0.257, 1.277e-7
0.256, 1.301e-7
0.255, 1.284e-7
0.254, 1.179e-7
0.253, 1.284e-7
0.252, 1.325e-7
0.251, 1.350e-7
0.250, 1.317e-7
0.249, 1.335e-7
0.248, 1.336e-7
0.247, 1.312e-7
0.246, 1.317e-7
0.245, 1.342e-7
0.244, 1.318e-7
0.243, 1.333e-7
0.242, 1.331e-7
0.241, 1.337e-7
0.240, 1.352e-7
0.239, 1.341e-7
0.238, 1.341e-7
0.237, 1.358e-7
0.236, 1.371e-7
0.235, 1.359e-7
0.234, 1.341e-7
0.233, 1.358e-7
0.232, 1.353e-7
0.231, 1.374e-7
0.230, 1.360e-7
0.229, 1.364e-7
0.228, 1.366e-7
0.227, 1.356e-7
0.226, 1.393e-7
0.225, 1.365e-7
0.224, 1.391e-7
0.223, 1.372e-7
0.222, 1.373e-7
0.221, 1.383e-7
0.220, 1.389e-7
0.219, 1.385e-7
0.218, 1.410e-7
0.217, 1.394e-7
0.216, 1.395e-7
0.215, 1.398e-7
0.214, 1.414e-7
0.213, 1.412e-7
0.212, 1.407e-7
0.211, 1.417e-7
0.210, 1.405e-7
0.209, 1.418e-7
0.208, 1.416e-7
0.207, 1.432e-7
0.206, 1.446e-7
0.205, 1.437e-7
0.204, 1.423e-7
0.203, 1.411e-7
0.202, 1.429e-7
0.201, 1.432e-7
0.200, 1.450e-7
0.199, 1.448e-7
0.198, 1.425e-7
0.197, 1.431e-7
0.196, 1.437e-7
0.195, 1.439e-7
0.194, 1.445e-7
0.193, 1.443e-7
0.192, 1.448e-7
0.191, 1.446e-7
0.190, 1.338e-7
0.189, 1.474e-7
0.188, 1.459e-7
0.187, 1.483e-7
0.186, 1.494e-7
0.185, 1.456e-7
0.184, 1.473e-7
0.183, 1.468e-7
0.182, 1.473e-7
0.181, 1.505e-7
0.180, 1.489e-7
0.179, 1.506e-7
0.178, 1.507e-7
0.177, 1.480e-7
0.176, 1.483e-7
0.175, 1.492e-7
0.174, 1.472e-7
0.173, 1.499e-7
0.172, 1.495e-7
0.171, 1.494e-7
0.170, 1.512e-7
0.169, 1.488e-7
0.168, 1.523e-7
0.167, 1.513e-7
0.166, 1.501e-7
0.165, 1.506e-7
0.164, 1.518e-7
0.163, 1.508e-7
0.162, 1.494e-7
0.161, 1.511e-7
0.160, 1.512e-7
0.159, 1.514e-7
0.158, 1.522e-7
0.157, 1.527e-7
0.156, 1.520e-7
0.155, 1.521e-7
0.154, 1.511e-7
0.153, 1.537e-7
0.152, 1.510e-7
0.151, 1.530e-7
0.150, 1.518e-7
0.149, 1.526e-7
0.148, 1.543e-7
0.147, 1.536e-7
0.146, 1.529e-7
0.145, 1.526e-7
0.144, 1.534e-7
0.143, 1.553e-7
0.142, 1.527e-7
0.141, 1.521e-7
0.140, 1.532e-7
0.139, 1.525e-7
0.138, 1.540e-7
0.137, 1.510e-7
0.136, 1.540e-7
0.135, 1.539e-7
0.134, 1.527e-7
0.133, 1.521e-7
0.132, 1.544e-7
0.131, 1.522e-7
0.130, 1.524e-7
0.129, 1.523e-7
0.128, 1.505e-7
0.127, 1.509e-7
0.126, 1.381e-7
0.125, 1.555e-7
0.124, 1.563e-7
0.123, 1.552e-7
0.122, 1.553e-7
0.121, 1.545e-7
0.120, 1.547e-7
0.119, 1.555e-7
0.118, 1.577e-7
0.117, 1.537e-7
0.116, 1.549e-7
0.115, 1.551e-7
0.114, 1.529e-7
0.113, 1.539e-7
0.112, 1.551e-7
0.111, 1.541e-7
0.110, 1.560e-7
0.109, 1.547e-7
0.108, 1.555e-7
0.107, 1.548e-7
0.106, 1.558e-7
0.105, 1.536e-7
0.104, 1.548e-7
0.103, 1.559e-7
0.102, 1.554e-7
0.101, 1.561e-7
0.100, 1.549e-7
0.099, 1.550e-7
0.098, 1.558e-7
0.097, 1.543e-7
0.096, 1.560e-7
0.095, 1.559e-7
0.094, 1.538e-7
0.093, 1.544e-7
0.092, 1.557e-7
0.091, 1.555e-7
0.090, 1.555e-7
0.089, 1.578e-7
0.088, 1.581e-7
0.087, 1.554e-7
0.086, 1.516e-7
0.085, 1.563e-7
0.084, 1.581e-7
0.083, 1.571e-7
0.082, 1.535e-7
0.081, 1.566e-7
0.080, 1.573e-7
0.079, 1.544e-7
0.078, 1.572e-7
0.077, 1.555e-7
0.076, 1.553e-7
0.075, 1.578e-7
0.074, 1.562e-7
0.073, 1.575e-7
0.072, 1.553e-7
0.071, 1.559e-7
0.070, 1.573e-7
0.069, 1.556e-7
0.068, 1.557e-7
0.067, 1.546e-7
0.066, 1.554e-7
0.065, 1.546e-7
0.064, 1.550e-7
0.063, 1.558e-7
0.062, 1.474e-7
0.061, 1.568e-7
0.060, 1.573e-7
0.059, 1.557e-7
0.058, 1.588e-7
0.057, 1.577e-7
0.056, 1.570e-7
0.055, 1.557e-7
0.054, 1.585e-7
0.053, 1.599e-7
0.052, 1.581e-7
0.051, 1.578e-7
0.050, 1.612e-7
0.049, 1.559e-7
0.048, 1.578e-7
0.047, 1.565e-7
0.046, 1.591e-7
0.045, 1.571e-7
0.044, 1.572e-7
0.043, 1.585e-7
0.042, 1.578e-7
0.041, 1.577e-7
0.040, 1.589e-7
0.039, 1.590e-7
0.038, 1.584e-7
0.037, 1.607e-7
0.036, 1.579e-7
0.035, 1.572e-7
0.034, 1.598e-7
0.033, 1.577e-7
0.032, 1.593e-7
0.031, 1.592e-7
0.030, 1.603e-7
0.029, 1.592e-7
0.028, 1.594e-7
0.027, 1.598e-7
0.026, 1.601e-7
0.025, 1.603e-7
0.024, 1.589e-7
0.023, 1.600e-7
0.022, 1.605e-7
0.021, 1.616e-7
0.020, 1.613e-7
0.019, 1.593e-7
0.018, 1.626e-7
0.017, 1.605e-7
0.016, 1.632e-7
0.015, 1.596e-7
0.014, 1.592e-7
0.013, 1.616e-7
0.012, 1.613e-7
0.011, 1.616e-7
0.010, 1.601e-7
0.009, 1.611e-7
0.008, 1.616e-7
0.007, 1.595e-7
0.006, 1.629e-7
0.005, 1.618e-7
0.004, 1.613e-7
0.003, 1.606e-7
0.002, 1.618e-7
0.001, 1.606e-7
0.000, 1.606e-7
-0.001, 1.608e-7
-0.002, 1.487e-7
-0.003, 1.644e-7
-0.004, 1.639e-7
-0.005, 1.633e-7
-0.006, 1.644e-7
-0.007, 1.642e-7
-0.008, 1.647e-7
-0.009, 1.645e-7
-0.010, 1.652e-7
-0.011, 1.651e-7
-0.012, 1.649e-7
-0.013, 1.641e-7
-0.014, 1.654e-7
-0.015, 1.661e-7
-0.016, 1.655e-7
-0.017, 1.636e-7
-0.018, 1.659e-7
-0.019, 1.664e-7
-0.020, 1.671e-7
-0.021, 1.661e-7
-0.022, 1.662e-7
-0.023, 1.655e-7
-0.024, 1.672e-7
-0.025, 1.629e-7
-0.026, 1.673e-7
-0.027, 1.699e-7
-0.028, 1.652e-7
-0.029, 1.686e-7
-0.030, 1.689e-7
-0.031, 1.688e-7
-0.032, 1.683e-7
-0.033, 1.689e-7
-0.034, 1.693e-7
-0.035, 1.693e-7
-0.036, 1.692e-7
-0.037, 1.685e-7
-0.038, 1.682e-7
-0.039, 1.694e-7
-0.040, 1.696e-7
-0.041, 1.686e-7
-0.042, 1.717e-7
-0.043, 1.726e-7
-0.044, 1.716e-7
-0.045, 1.724e-7
-0.046, 1.697e-7
-0.047, 1.721e-7
-0.048, 1.703e-7
-0.049, 1.705e-7
-0.050, 1.716e-7
